7.259556173414197
7.229459246523322
7.197537726392469
7.166546666991242
7.139164744867647
7.117780628001472
7.1042972742096335
7.099968396574258
7.105279195006742
7.1198804694181606
7.142581601535143
7.171403863913482
7.203691358675541
7.236272886887258
7.265664474687656
7.28829937873009
7.300770361150742
7.30006800506092
7.283798909651131
7.250368760704241
7.19911744580896
7.13039643351601
7.045582362512369
6.947024945017638
6.837931602770116
6.722195437585747
6.6041769127702326
6.488452734325499
6.3795476629466386
6.281666207652385
6.198441265499391
6.1327157684380325
6.086371341301715
6.060214997467898
6.053931195331908
6.066102392116378
6.094296836590629
6.135218027797976
6.184906316408586
6.2389797982389466
6.292899163866396
6.342239686360718
6.382953146631215
6.411603235553368
6.425559782385111
6.423139917695927
6.403687801223115
6.367588595668693
6.316216676934485
6.251822353696585
6.177365341220296
6.09630663411525
6.012373027473734
5.929310176404276
5.8506406561565445
5.779442956345795
5.7181657544648425
5.6684892779472
5.6312422556566535
5.606379105183166
5.593017863983431
5.589535230683482
5.593711217537757
5.602912586381754
5.61430167169706
5.625055556934588
5.632579971894813
5.634702757021046
5.6298332591840685
5.61707647667449
5.596293989167031
5.568107470133885
5.533844626573976
5.49543146673139
5.455238582932359
5.415892394300139
5.380064799291391
5.350256268120808
5.32858795030478
5.316617843064816
5.315194495451061
5.32435921483441
5.3433044647869306
5.370392316843559
5.4032327015294905
5.438817075086706
5.473699257934612
5.504211872196244
5.5267042367320816
5.53778594670111
5.534559785827184
5.514828137974087
5.477258651411323
5.421497463536439
5.348221649812317
5.259126498008247
5.156847467583286
5.044820991960119
4.927092332734245
4.808082229350179
4.69232686890671
4.584207541477855
4.487687121662205
4.406070172492502
4.341802023055121
4.296319718886145
4.2699644440304985
4.261961081522545
4.27046627294524
4.292681940522175
4.325027035869285
4.36335655396134
4.4032138435084445
4.440100152589515
4.469744307145917
4.488355496184983
4.4928433236101695
4.4809915013470265
4.451574652759856
4.404411462180217
4.3403515945341615
4.261198140109498
4.1695715263068704
4.068724604094016
3.9623217140529245
3.8541967629652114
3.7481065531967914
3.6474957283399085
3.555288727396432
3.473722147090982
3.4042280367169617
3.3473750899710906
3.302870696543065
3.2696226446851866
3.2458552070128395
3.2292706693152047
3.217244323214909
3.207038741640691
3.1960219376699817
3.1818738518470906
3.1627665278984063
3.1375052565854964
3.105620758914479
3.067405950707453
3.023894742338283
2.976784412133087
2.9283070697702795
2.8810593244976275
2.8378022453449674
2.801245842410437
2.7738334616742097
2.7575415889263484
2.753709591493492
2.7629119523942958
2.784882701741316
2.8184982157652154
2.8618205728097643
2.9121994969999068
2.9664268658153663
3.0209340831490885
3.072019575484058
3.116091464768312
3.1499092607069943
3.1708082844954046
3.1768915001300275
3.1671754295088688
3.1416797350054604
3.101453678249331
3.048536767960156
2.985855221524161
2.9170600984801154
2.8463168374498435
2.7780591827268974
2.716722904622093
2.6664761357465907
2.63096346673236
2.6130801450949055
2.614790850006491
2.637004694724707
2.6795145214626346
2.741004435642477
2.8191251480945057
2.910632342542562
3.0115792475812846
3.117551132456209
3.223926791083769
3.326150402242025
3.419996564158814
3.5018118351901926
3.5687177308767897
3.6187627215564033
3.6510141696765652
3.665585115072977
3.663595095336342
3.6470684927344745
3.618777943896573
3.5820438666759675
3.5405039192963303
3.4978680303416536
3.457675407826705
3.423069605747481
3.3966063251283276
3.3801062532745307
3.3745620641320384
3.3801049323969203
3.396031811213954
3.420890566375164
3.4526161300387503
3.488707399119772
3.526431888647512
3.563043340038113
3.595996698244726
3.6231451603332685
3.6429053384722723
3.654378878595766
3.6574219731964663
3.652657889849392
3.6414316535291604
3.625710095409311
3.607934334551145
3.5908351276115855
3.57722417418749
3.5697762189492157
3.5708175244958533
3.58213594829348
3.6048264633788456
3.639183607525329
3.6846491865284334
3.739819806354709
3.8025147189807167
3.8699003143910162
3.938663658050467
4.005224026960566
4.065968673923841
4.117497236725314
4.156858433773235
4.181763008132831
4.190758282228757
4.1833520776295225
4.160076983299337
4.122489809969124
4.073105293756521
4.015267429135319
3.9529659331111873
3.8906089944493654
3.832766399976447
3.7838991571453118
3.7480927110869158
3.7288107174582503
3.728685085631146
3.749355729851443
3.791370307002566
3.854150385183769
3.936026228990355
4.034337984870138
4.145596792533058
4.265695515790551
4.390155629872971
4.514394528789037
4.633996273619275
4.744968670352615
4.8439705499430445
4.928495155713573
4.996998486787935
5.048965103528336
5.0849080277968195
5.106303692533354
5.115467124807915
5.115376404312538
5.109458671023829
5.101352349862845
5.0946616615875815
5.092719809686371
5.098376457086035
5.113823291879084
5.14046875523789
5.178869555146176
5.228722652410483
5.288917248479297
5.3576422096757845
5.432540606253488
5.5108998802400375
5.589863795682169
5.66665092605883
5.738764088241909
5.804175860842634
5.86147707461881
5.909977812140534
5.9497538204893345
5.981635093224117
6.00713745213297
6.028341976344295
6.047730811017889
6.067990987406542
6.091800187517369
6.121609730912266
6.159440354228338
6.206705572921508
6.264075609604599
6.3313921638600945
