7.083472018998672
7.163766855489792
7.247884212658588
7.331337886491271
7.409757197251268
7.479142361345774
7.536093143578227
7.577996677156741
7.603163083884079
7.610900995003417
7.601529033476195
7.576323508511681
7.537406716116427
7.487584062497846
7.430141479677382
7.368617072684519
7.306562465933912
7.247309806688216
7.193759809101215
7.1482046274176065
7.112196843528928
7.08647261451545
7.070933270881461
7.064685640467685
7.066137367672641
7.073139772255348
7.083167596647841
7.0935225390918895
7.101545925173227
7.104825334167934
7.101380502575309
7.089815338483497
7.069425292395438
7.040252477519148
7.003084600424813
6.959397701429603
6.9112466448584104
6.861110973989732
6.81170690341289
6.765778646784656
6.725883803926569
6.6941880517061785
6.672283859770041
6.661046416907958
6.660537506936756
6.669964876532871
6.6877009044094216
6.7113603613870785
6.7379330141084495
6.7639630433112385
6.785763976478997
6.799655296803285
6.802205259934975
6.790463841175203
6.762170194966804
6.715920511144421
6.651284604140006
6.568862814482231
6.470278625582965
6.3581065528230996
6.235739073453461
6.107200357265897
5.976918065546575
5.8494672769224705
5.72930248748049
5.620494492188085
5.526488725944362
5.449900337875242
5.392358974917185
5.35441310887539
5.335499959197879
5.333982888069191
5.347253847431974
5.37189431950174
5.403884483040384
5.438847298572624
5.47231203410821
5.499980588797116
5.517979888916092
5.523084631091939
5.512896662879551
5.485970185291053
5.4418755426251435
5.381198394292506
5.30547527471088
5.217070663009235
5.119004433728361
5.014741697577521
4.90795936360473
4.802305111662082
4.701164772168961
4.607453354302659
4.523443200114736
4.450640093825984
4.389714804370069
4.340493713085978
4.302008136198662
4.272597965851955
4.250061591776459
4.231840973419049
4.215228415810161
4.197580215177017
4.176521972992518
4.15013105154895
4.11708331176463
4.076753819341747
4.029264454057566
3.9754750870171764
3.9169189478631443
3.8556867186861314
3.794267497026343
3.735357821011493
3.6816522368042643
3.635630254991897
3.59935489321488
3.5742973105442206
3.561200348566384
3.5599912160185054
3.5697502594726016
3.5887389720760687
3.6144863598572967
3.6439287818232104
3.673594676169417
3.6998224313887693
3.7189972728831853
3.7277915773576655
3.7233926017045444
3.703702254540127
3.667495210215496
3.614524261354195
3.5455651591883086
3.4623970826404697
3.367719052167768
3.2650067881103118
3.158318429469541
3.052060918331786
2.9507314922898433
2.858650436014567
2.7797019082335215
2.717099234987052
2.6731895691073135
2.6493103545466337
2.645706761589571
2.6615153877622464
2.694815301565877
2.7427432170633272
2.801665506639465
2.8673961530241825
2.9354468447298654
3.0012934194832437
3.060641886966648
3.109677376576894
3.145280547739168
3.165198188543068
3.1681577666957628
3.1539193830167855
3.123262667782832
3.077910384093289
3.0203945819832727
2.953874814592616
2.881920943763905
2.808275231386541
2.7366095958331833
2.6702940370412325
2.6121912968311642
2.564490891125065
2.528592861857905
2.5050481393211443
2.493558515080198
2.493035164217922
2.5017106967349063
2.5172961269642564
2.5371711667972288
2.5585940718055125
2.57891604268981
2.595784987316958
2.6073242908714733
2.612274063225067
2.6100850074689887
2.600958398212809
2.5858294442656833
2.566295279590544
2.544492708607053
2.5229343625938876
2.5043148624009395
2.491300728141063
2.4863189816474485
2.491359568306933
2.5078058665573737
2.536305711182433
2.576692652404012
2.6279637869631722
2.6883166566293397
2.755243671912116
2.8256785562360394
2.896185686364081
2.96318017416707
3.023164300029342
3.072964623748255
3.1099538561561513
3.132242395967253
3.1388262726475897
3.1296809706434794
3.1057940660166867
3.0691335577123504
3.0225529628759573
2.969638392813198
2.914506659054808
2.8615667231922757
2.8152592821911817
2.7797908066144417
2.758878818893674
2.7555245781857463
2.7718276649482374
2.8088543390746796
2.8665681495843702
2.943827322095422
3.0384492000240626
3.1473377438441936
3.2666660785132673
3.3921025841460595
3.519066276863136
3.6429954039546804
3.7596123976607974
3.865168643916171
3.9566539034717523
4.031957579798887
4.08997220402313
4.130633291225394
4.154893864664299
4.164636171774472
4.162527150323687
4.151827780590019
4.136169346622915
4.119311639788234
4.10489914278744
4.096231171175062
4.096060832020766
4.106435565833873
4.128589112864305
4.162891187909832
4.208857199681958
4.265216277724776
4.330031945360926
4.400866263795142
4.474975404563794
4.549522575183196
4.6217931596587
4.689396909502089
4.750443030144355
4.803675980484241
4.8485626033286815
4.885324639636037
4.91491451512906
4.938936262554471
4.959517285966909
4.9791401232358865
5.000446184437553
5.026025444231435
5.05820710845662
5.098866286384931
5.149260677300995
5.209909290159435
5.280522390263129
5.359988396123675
5.446419565854542
5.53725427702482
5.629409789256909
5.719475850094191
5.803936601834326
5.879406168950702
5.9428621966197515
5.991861550548526
6.024723386674589
6.040666795576746
6.039893092928099
6.023606377872375
5.993969983393531
5.95400063327055
5.907406222310769
5.858376878398849
5.811342097630059
5.770709058108897
5.740598558089977
5.724595298156626
5.725528413347174
5.7452963095081735
5.784747087121139
5.843622324601031
5.920567969753354
6.013211814798041
6.118302785876462
6.231903339275673
6.349622880739211
6.466877531219926
6.579159920815485
6.682302108369814
6.7727152337380785
6.847591077517169
6.9050532241704214
