6.736091630655744
6.578484578543187
6.411086932589987
6.243505298142705
6.085092654335143
5.944359424608925
5.828444614304471
5.742681146100267
5.690283163418563
5.672174897362595
5.686971250777904
5.731110173394474
5.799126855744178
5.884050424255905
5.977895795315554
6.072217172736036
6.158685757254325
6.229652833323439
6.278660594475532
6.300866777109035
6.2933551392539195
6.255311640789873
6.18805532659678
6.094922768272501
5.981014820902597
5.852823734281447
5.717766700628379
5.583658184786069
5.458157449583472
5.348229287767458
5.2596549977966
5.196627161790542
5.161456036158272
5.154407737306559
5.173685411002684
5.2155548207974185
5.274605935833938
5.344132805800329
5.416605907603719
5.48420478184354
5.539374578322883
5.575368384389292
5.586738039073167
5.5697394882949975
5.522624390924329
5.445797266507687
5.341826477597363
5.2153071613166215
5.072584208702091
4.921352867109072
4.770162873969954
4.6278586582645564
4.502992620985962
4.403250522537052
4.334927421883218
4.302489461227271
4.308251274178247
4.352191276139784
4.431918068409094
4.542791249042387
4.678189732380901
4.829910911623244
4.988675304250387
5.14470427739418
5.288333529397896
5.410622534572893
5.503920307907915
5.5623506090600685
5.582184900884831
5.562078666116104
5.503155586749275
5.408934017273883
5.285100480047094
5.139144899003664
4.979881307201359
4.816885219236071
4.659884259849305
4.5181416299017565
4.399872374928577
4.3117301770771
4.258397669848082
4.242306392186601
4.263503912487361
4.319675934744762
4.406320993500661
4.517065327957498
4.644096361597234
4.7786855072173795
4.911765275986095
5.034522268987967
5.138966790511192
5.218441592984235
5.268036519169729
5.284882257864992
5.268304639124757
5.21983031162542
5.143044636461766
5.043312529410733
4.92738212599577
4.802898920667752
4.67786392553992
4.560073014642147
4.456575728658027
4.3731903431974315
4.314108054495487
4.281612979624407
4.275936721236357
4.295257046619376
4.335840398210053
4.392318150469923
4.45807741660838
4.525739401781402
4.587692323088689
4.636642173875402
4.666143353415627
4.671072498891658
4.6480126577535685
4.59552097107354
4.514260898340986
4.406989174138357
4.2783975323266965
4.134819102105948
3.983818608558438
3.8336934760807404
3.692919098280715
3.5695754841734577
3.4707939475782617
3.4022613704908484
3.3678159112932162
3.3691620833729092
3.405725290730282
3.4746566934334813
3.5709892991205106
3.6879361010176757
3.817311579872584
3.9500495915771814
4.0767841295615925
4.188455120322665
4.276899574940637
4.335389206844196
4.359078989914799
4.345336853487222
4.293932417141108
4.2070718514246614
4.089276005236953
3.947109202514619
3.7887759017617095
3.623611084166072
3.4614972156276678
3.3122454529157963
3.184981114883669
3.087573160523591
3.0261445251306283
3.0046948553760746
3.0248598053028446
3.085822096607421
3.184379600904156
3.3151654267922765
3.4710050695558583
3.6433867614923954
3.823013834140427
4.000402651703221
4.166486841171546
4.31318831155758
4.433917931915603
4.523973561764439
4.580810072213728
4.604164595224901
4.59602991652604
4.560479038535758
4.503353809417889
4.431839486591032
4.3539545822125
4.277990829577913
4.211941251804532
4.162954903858038
4.136854863082588
4.137751601916357
4.167777292746266
4.226958315058459
4.3132338182287135
4.422618273888975
4.549496197070239
4.6870282806884855
4.827640673130399
4.963563537600735
5.087381738878813
5.192559728022477
5.273904488968311
5.327934650969842
5.3531302711095865
5.350045920295665
5.321279016569985
5.271295214055026
5.206122409801799
5.132933916578455
5.059548960803424
4.993884386740471
4.943394892462964
4.914540054161003
4.912314745702446
4.939875435619385
4.998288515678737
5.086418703837151
5.200966209789636
5.33665137779769
5.4865355958600786
5.642458047406195
5.795559999957075
5.9368623052182565
6.057858034098315
6.151080944746949
6.210611870426044
6.232489031282367
6.2149944656491325
6.158796836219861
6.0669402631266145
5.9446789486185105
5.799167517106381
5.639026526177746
5.473810875894687
5.313415305230172
5.16745538533884
5.0446641171600675
4.952343300338083
4.8959053211522745
4.878535139560684
4.900994425755432
4.961580521105842
5.05624278917893
5.178848647070346
5.321581803882218
5.475446626094744
5.6308456662073345
5.778192684314044
5.9085212706815335
6.014049584483575
6.088664728864956
6.128295682558211
6.131151141917914
6.09780759863677
6.031142890414919
5.9361206557909725
5.819440923863446
5.689080825716668
5.553756548472857
5.422342695368044
5.303287836460273
5.204065066684851
5.130693835901706
5.087364356477313
5.076188865130476
5.097095392041131
5.147870051980779
5.2243438666111235
5.320710424686126
5.429951936856233
5.5443440285236605
5.6560044183773
5.757447796674129
5.842108932101111
5.904798314139421
5.942059322303709
5.952402686163037
5.9364024024800495
5.896646740802486
5.8375478579974205
5.765023188851562
5.686070533708191
5.608266034921315
5.539219531010655
5.486024742620715
5.454742176083158
5.449950497023786
5.474397568811764
5.528775672446132
5.6116370721464
5.719456623791873
5.846838176288209
5.986851756844788
6.131479616311752
6.272141740867077
6.400265916344021
6.507864236508278
6.58807729682564
6.6356492610205065
6.647301405871736
6.621978351631309
6.560949536192554
6.467758038135454
6.348018963656996
6.209079613076169
6.059562868067474
5.908823075456161
5.766349623253683
5.64115701209355
5.541201275937648
5.472861024995655
5.44051727105969
5.446259818935155
