6.827124784177647
7.076590515029694
7.337344346607113
7.5950581253237255
7.835930021363796
8.04751356024982
8.219450651191213
8.34406263594768
8.416762911294759
8.436266546262063
8.404585732472762
8.326813982012562
8.210715790842249
8.066151105897049
7.904374540650927
7.737257182881472
7.576483517166734
7.43277714620649
7.315206577062343
7.2306165169733
7.18322130090888
7.174385850881325
7.202606705234452
7.263692022232562
7.351125973361517
7.4565905030659705
7.570606876114858
7.683251466442685
7.784895392289222
7.866916191703455
7.922331848547735
7.946312973466901
7.936537441304198
7.893362708874708
7.819803644640961
7.721317141207878
7.605408143175007
7.481084102229861
7.35819542954217
7.246707535549335
7.15595498220028
7.093929782610226
7.06665385768296
7.077680225869854
7.127759017378318
7.214693429996795
7.333398010767103
7.476158006199558
7.633074886808473
7.792670434744256
7.942610842443073
8.070503845378841
8.164716577105494
8.215159959187236
8.213987162131192
8.156158896534517
8.039836683650623
7.8665762673118325
7.641306244781477
7.372090964642307
7.0696908451781555
6.746946575656997
6.418025294878783
6.097576024785327
5.7998477606588095
5.537826273299377
5.322444680807135
5.161918257090337
5.061246056828314
5.0219112657466525
5.041799427863255
5.115339692721113
5.233859883014585
5.386132445897398
5.559076118997385
5.738568214619103
5.910315450349593
6.060727683843959
6.177738971732327
6.251524055495296
6.275065430326105
6.244536104177204
6.159475340857282
6.022748294521504
5.840294582092764
5.6206845713892655
5.3745145816739495
5.113682484880581
4.850592687949109
4.597343685032057
4.364952027617682
4.162663642151362
3.997397137762561
3.8733545240238416
3.7918232274051156
3.751180234544614
3.7470954798951377
3.7729181551057103
3.820217347682114
3.879438136614965
3.9406266672737194
3.994173300796496
4.031521974205728
4.045796473045753
4.0323002281828595
3.9888550977422534
3.9159557819817596
3.816729284469588
3.6967023126751744
3.563392792605086
3.425753856391572
3.293508923396023
3.1764241380792853
3.08356893104869
3.0226165235396096
2.9992337220574585
3.0166035080692213
3.0751151032933035
3.1722449712302336
3.302639349127574
3.4583952527634985
3.6295233751452267
3.804563818848236
3.971315002370383
4.117628081952123
4.232214378332883
4.305411930686646
4.329859523684964
4.3010322152910225
4.217601168747251
4.081591891547015
3.898328066836679
3.676162168034067
3.4260080513031106
3.160703796467196
2.894244347785269
2.6409322414262135
2.4145003129150764
2.227262377437756
2.08934632180911
2.008058933237188
1.9874234458498168
2.027919753813851
2.1264442400048056
2.276492052001654
2.468550347154609
2.690677463034411
2.9292310371777144
3.1696985814799046
3.397577533404055
3.599248779681469
3.762788271708157
3.878665578128019
3.940285764594989
3.9443413506402187
3.890953581397511
3.7835960410667777
3.6288078146522498
3.435717040162296
3.2154078887193385
2.9801739659993056
2.742708196464251
2.515282976349936
2.308974529595158
2.132981978050098
1.9940848856985007
1.896273419151404
1.8405734355357861
1.8250755618907002
1.8451635572281702
1.893923872117923
1.9627062346999182
2.041795101600917
2.1211445803998785
2.191125433927029
2.2432322748712337
2.2707020761546106
2.269001446387451
2.2361493167879285
2.1728531301083254
2.0824495368398748
1.970654114509821
1.845137817907729
1.7149598490001952
1.5898965941261174
1.4797135378042698
1.3934311334059715
1.3386362117782329
1.3208875936714795
1.3432583310908508
1.4060478509682781
1.5066858227540085
1.6398365862380686
1.7976993282430596
1.9704858042229678
2.14704516569782
2.315595203886529
2.4645117500715292
2.5831236027458035
2.6624594865031734
2.6958962605960686
2.6796637200810007
2.613170475409439
2.4991269608594493
2.343454849071687
2.1549861661748233
1.9449692826597045
1.7264117789745796
1.5133010991854532
1.3197521828483068
1.15913634931149
1.043247254891834
0.9815576398511073
0.9806149578842888
1.0436151976427954
1.1701828343660496
1.3563716321157804
1.5948868180014555
1.875514899134966
2.1857340247790775
2.5114661863958694
2.837923457511909
3.150494498021236
3.435615073088405
3.681567523696722
3.879158891414299
4.022235425840372
4.108001956796116
4.137127383025957
4.113631471642704
4.044562358657741
3.939487656678617
3.80983402417921
3.668119650218435
3.5271307348801666
3.3990962731216476
3.294915078447224
3.223485052205894
3.1911774896610363
3.2014892078565413
3.254893159344594
3.348894775410869
3.4782874620912625
3.6355873757076194
3.811615718080608
3.9961871047383717
4.17885571305318
4.349667360494369
4.499865624038459
4.622503582038588
4.712919496067623
4.769044290265683
4.791520379885907
4.783624455558707
4.751000361245744
4.701221296636793
4.643212343668611
4.586573966171565
4.540854008413586
4.51481935611579
4.515778573835888
4.549003481536777
4.617291002414576
4.720697146321005
4.85646332247773
5.0191420848488075
5.200915783497545
5.392088343439344
5.581718413372271
5.758352231298302
5.910807415730952
6.028955000169474
6.104446658924724
6.131337263494806
6.106559461904297
6.030216465045406
5.9056710331319575
5.7394220046755535
5.540773717899735
5.321317411918648
5.094256249398129
4.873616136966021
4.673392329357579
4.506686362057876
4.384888853006623
4.316961069843167
4.308862038825279
4.36315876862441
4.47884547459835
4.651384279678001
4.872965614062842
5.13297237152057
5.418618734164111
5.71572331256938
6.00956760291411
6.285785304000343
6.531226121295109
6.734739435851009
6.887828515071214
6.985134438144794
