7.229209886290384
7.196024832433884
7.162872547685036
7.1325141663589005
7.107510347789336
7.090016659057743
7.0816045950961
7.083121288586584
7.094598394000957
7.115217328598764
7.143334239193764
7.1765639931591085
7.211918439677356
7.245990426523044
7.275171843849062
7.295891518815857
7.30485727208365
7.299285975744162
7.277106059414015
7.237118562159855
7.179105418037109
7.103877024632837
7.013255057449411
6.909990701123938
6.797622693799208
6.6802835439037205
6.562465716213916
6.448762267516734
6.343598161982853
6.250969194373242
6.174205046587403
6.115771523583409
6.077124553234453
6.058625251006933
6.059521458587918
6.077996920109843
6.111284938169834
6.155839237195627
6.2075511229571445
6.2619991017643
6.3147151015373595
6.361450450136262
6.398424876385271
6.422542996016287
6.431564946515463
6.424220893693751
6.400262844578454
6.36045131919733
6.306478685090729
6.240835062027646
6.166626390168699
6.0873572811609895
6.006693441313414
5.928219629642027
5.855209218505964
5.79042045953031
5.735932592642103
5.6930321079426776
5.662155972638953
5.6428947063242605
5.634054093612067
5.633770339793165
5.63966987081551
5.649061995224165
5.659150482063981
5.667248908713073
5.670984474451917
5.6684758670777535
5.658472647931201
5.640446355604036
5.614626932833025
5.581981922005584
5.544139890214711
5.503263461030603
5.461880879911228
5.422687980949322
5.388334552987625
5.361210276213291
5.343245533936728
5.335741486331709
5.33924188251186
5.353456310704892
5.377241128540928
5.40864040814729
5.444985136381713
5.483044905093931
5.519222680646595
5.549780203638268
5.571079346510134
5.579823502200627
5.5732828805968415
5.54948847008439
5.507381325963397
5.446906654272112
5.369045686441204
5.275782356406435
5.170006033236051
5.055355749081096
4.936015217220857
4.816471202260111
4.7012502665092
4.594650408387437
4.500484529278352
4.421851984162913
4.360952730788741
4.318955904295199
4.2959311839005565
4.290847311330068
4.30163782912464
4.325329811632373
4.358227343394726
4.396138021478404
4.434628047020853
4.469289703068787
4.496004304557626
4.511184096037128
4.511978034856607
4.496428832665608
4.463571872948369
4.413470460507131
4.347186035322573
4.266686221389887
4.174697601062147
4.074513642595824
3.9697710313637082
3.8642095801942222
3.7614317984622376
3.66467802823021
3.5766318261210026
3.499268069444037
3.4337532466628353
3.380403762047778
3.3387040890285546
3.3073825167318844
3.284538325346958
3.2678107611840614
3.2545773938490896
3.2421675119671827
3.2280752778979784
3.2101574763795657
3.18680184646711
3.1570540996969774
3.1206946545682275
3.078259657757062
3.0310047741708437
2.9808142441535215
2.93006155294937
2.88143147238165
2.837715984159325
2.8015984896762904
2.7754416215803346
2.7610938331902557
2.7597287593406006
2.771729193296615
2.7966245513513504
2.8330870979467813
2.878988220777533
2.931511945111822
2.9873189359862025
3.0427507226577792
3.0940610306512006
3.1376591180224382
3.170349022192409
3.1895487036272074
3.193474223177684
3.1812762399329744
3.1531191279365705
3.110196687111872
3.054682525336943
2.9896174448710746
2.9187402962364035
2.846272492725894
2.7766694612279386
2.7143545345648152
2.6634520175365335
2.627536299804473
2.6094129316911556
2.6109455844247957
2.632939913353645
2.6750917202586213
2.736002705713656
2.81326278299744
2.903593674005964
3.0030446030510354
3.1072276014970472
3.2115774501998993
3.311619778932542
3.403230408999335
3.4828696926404317
3.547777323578636
3.5961157507355113
3.6270537437312207
3.640785606595879
3.6384857529823056
3.622202562879175
3.59469935972422
3.55925372024427
3.519428936712346
3.4788331236877714
3.4408820925606918
3.4085816709383203
3.384343655643085
3.3698471628290387
3.3659539437028507
3.3726824877295427
3.3892416914003127
3.4141208031377355
3.4452285379537098
3.480070945652254
3.5159550354474716
3.550203479950999
3.5803650535328813
3.60440584651738
3.620867708696144
3.628982715109606
3.628735553242435
3.620869391238416
3.6068347515988006
3.5886849136613383
3.568925128207418
3.550326192103074
3.5357154765954046
3.5277601548378024
3.5287580177410387
3.540450855719699
3.563873941965887
3.5992527748778746
3.6459550810047214
3.702502356096472
3.7666411802116526
3.83547045515066
3.905616854551752
3.9734474100779473
4.035305510431676
4.0877548451412045
4.127815104060581
4.153173600115722
4.162358398967569
4.154860926086616
4.131199225329255
4.092916854624914
4.042516573832701
3.983332232631198
3.91934632152535
3.854964238054412
3.7947592046065184
3.7432037614944957
3.704404715634703
3.68185828564713
3.678240955089426
3.695249305392176
3.733498994194766
3.792489275705351
3.8706352737603718
3.9653658893053643
4.07328103533814
4.190358117895383
4.312194567919852
4.4342709785661
4.552218161305896
4.662071280981512
4.760495171760308
4.844966907560975
4.913904568924329
4.9667347215683515
5.003895162006536
5.026773724432617
5.03758810005795
5.039215421024284
5.034983556226393
5.02843844726474
5.023103225570873
5.022245207743643
5.028666147273404
5.04452938085323
5.071234868128379
5.109349766481485
5.15859833619681
5.217910897017676
5.285527530105683
5.3591485111152295
5.436120319689545
5.513643708451641
5.588988887840116
5.659702485816831
5.7237915977696145
5.779871904845783
5.827269393490603
5.866068479945437
5.897103107340605
5.921891382975409
5.942518286620422
5.961474636828083
5.9814636015588345
6.0051883696632204
6.035136000458141
6.073372842018064
6.121366226412555
6.179845454830685
6.2487124887569205
