5.538035798778079
5.569017445352005
5.59313050610019
5.609282928709537
5.616742169842675
5.6151748693022965
5.604664614491061
5.585706783062995
5.55918076947854
5.526301200997244
5.488550954681063
5.4475998289459
5.4052135404124835
5.363158261759833
5.3231061574136325
5.286547297438073
5.254712940767783
5.228514500044304
5.20850157187875
5.19484129300225
5.187320030514749
5.185367106821833
5.188098973557738
5.194381059205933
5.202903491876098
5.212266101576348
5.22106758179526
5.227993468684333
5.231897690178188
5.231872841011772
5.227305028592319
5.21791006808624
5.203748927557254
5.185221569112308
5.163039626157602
5.138179623563568
5.111819611952372
5.0852630806678
5.059854777570294
5.0368935524699285
5.017547525820221
5.00277675420521
4.993268126679569
4.989386506804087
4.991145176509536
4.998197496106908
5.009850437049317
5.025099344519915
5.042682022168898
5.061149075963736
5.078946476390262
5.094505556001305
5.106335196614992
5.113110804988923
5.113754837188454
5.107504101177275
5.093959817351977
5.073117404278566
5.045374124266984
5.011514002545336
4.972670749971367
4.930270695521072
4.885958896584182
4.841512574394687
4.79874676140073
4.759417503710868
4.725128108174316
4.69724375151553
4.676819288234546
4.664544332737497
4.660708693816009
4.665190064389601
4.677464584989849
4.696639580791624
4.721506496048786
4.750610890992449
4.782335392123083
4.814990754041533
4.846909742015313
4.8765384052047605
4.9025194885540415
4.9237632158545495
4.939501438528414
4.949322139122806
4.95318244662387
4.951399593627026
4.944620548182822
4.933772309135335
4.91999598916205
4.904568757843362
4.888818422337549
4.874035844346186
4.861390504510194
4.8518543228498014
4.846138338577973
4.844646074630955
4.847446407683572
4.854267592704282
4.8645128215515605
4.8772964027781605
4.891498411099764
4.905834543156314
4.9189369970447245
4.929441521093649
4.936075392406938
4.9377410108511635
4.9335900341791925
4.923083521099716
4.90603435981644
4.882629292469769
4.853429040503001
4.819346322163955
4.781602855610363
4.741667682865894
4.701180258106072
4.661862653145251
4.6254258898641885
4.593475774747978
4.567423662841714
4.548407313772572
4.537226436093528
4.534296680826898
4.539624789253171
4.552806385167369
4.573046598815209
4.599202394519396
4.629844223347034
4.663333509029544
4.697911564670992
4.731794882675709
4.76327137894809
4.790792125739877
4.813053378105223
4.829064270776636
4.838196401783875
4.840212577049402
4.835273204503294
4.823920125849888
4.807038982930257
4.785802457120787
4.761597821859717
4.735943145930838
4.710397126312569
4.686467877061462
4.6655260349385115
4.648727261816737
4.636948645334427
4.630742657269559
4.630311273646091
4.635501654088535
4.645823491695935
4.660486854627445
4.678458122769743
4.698530549081859
4.719405108754677
4.739776691209193
4.758420375979069
4.7742725321264174
4.786501792046393
4.794565555921944
4.798248546947889
4.797681008766172
4.793335352113244
4.786001345724937
4.776741231019664
4.76682734510445
4.757665890971999
4.750711334960452
4.747376489713195
4.74894362152974
4.756481887143863
4.770776058090828
4.79227085082818
4.821034284799048
4.8567423908937934
4.898686353512492
4.945801863146407
4.996719159571034
5.049831034380295
5.103375006748189
5.155525049921631
5.204487677212755
5.248596928714524
5.286402849537787
5.316748414434157
5.3388305111941134
5.35224150798259
5.356989044642621
5.35349293997923
5.342559423125605
5.3253342005404605
5.303237084987739
5.2778819682088685
5.250986753463487
5.224278429184618
5.199398727951867
5.177815760812233
5.160746649225371
5.149095517487315
5.143410296365881
5.143860677605326
5.1502383142816015
5.161979056839383
5.178205725622072
5.19778872340123
5.219420755951422
5.2417011156602085
5.2632244399495445
5.282668614452665
5.298876564232569
5.310927060090107
5.318190338177428
5.320365249792895
5.317495769927324
5.309965932060643
5.298473549609958
5.283984354887554
5.267669359366614
5.250829245158975
5.2348103774067365
5.220917534639349
5.210328658965046
5.204016817990637
5.2026841518873495
5.206711876516716
5.2161294682225
5.230605023333707
5.249457532227705
5.271690507741601
5.296045137381919
5.321069963070945
5.3452030998983435
5.366862245198777
5.384537246341138
5.396879818738488
5.40278514566747
5.401460540821284
5.3924770872554015
5.375801140016054
5.351803737602057
5.321247241990455
5.285249843854991
5.245229851893568
5.202832857905736
5.159845863846844
5.118103215349593
5.079389663770808
5.04534604772513
5.017382935392109
4.9966071093446
4.983765033082356
4.979206456251653
4.982870151081401
4.99429249390135
5.012638287414038
5.036751938630193
5.065225938772665
5.0964826031192025
5.12886427819801
5.1607267545116295
5.190530462067281
5.216924182365731
5.238816474469837
5.2554307566315055
5.266340964602228
5.2714858652906464
5.271161371574239
5.265991506159918
5.256879922773011
5.24494503750675
5.231442784628997
5.217681733086143
5.204935740068402
5.194359450626494
5.186911769898881
5.183291948025691
5.183892156203647
5.188769440695443
5.197638778615143
5.209887693732041
5.224611597182311
5.240667773310102
5.256744808485409
5.271443327088307
5.28336320923724
5.2911920602498865
5.2937896064678664
5.29026291196261
5.280027833222127
5.262852923821315
5.238883021874925
5.208640940005504
5.173006961047105
5.13317714742632
5.090602721472814
5.04691389435101
5.003832446907752
4.96307804190623
4.926273633855174
4.894855416873565
