0.8
2.257345837024362
3.508188533402491
4.3898624705657205
4.817361380020901
4.799464313970891
4.4336070420514675
3.8808782646162543
3.3271150297557757
2.939247301009174
2.8270587289568345
3.019161291445001
3.458560948357913
4.018537540344026
4.534779892424801
4.84593622580004
4.832847317419652
4.4471599304592155
3.722651946545375
2.7667965202893874
1.734840473168648
0.792835841882571
0.07865180463569632
-0.3296031306925953
-0.4301866578816977
-0.29547308941180306
-0.05156432611193773
0.15511541402391216
0.1959634679808
-0.006338344281442643
-0.4573159047655304
-1.0882673535872223
-1.7726090702235555
-2.3571152789305216
-2.700488336607434
-2.7098349945866627
-2.366034016114955
-1.7315766108324733
-0.9386318563883445
-0.15984237893890696
0.4314459795148111
0.7021834463874106
0.5920812377378153
0.12967824289970675
-0.572064425593781
-1.3399221010801838
-1.9789346542255257
-2.316489334766861
-2.241765469925858
-1.7313586402054069
-0.8550736242372905
0.239530602526403
1.3603206339470277
2.3138442895159437
2.9486715857117307
3.188823027171921
3.0496148295474255
2.6323644572453557
2.099331226229814
1.6348564700760706
1.4018399350636495
1.5037047712988976
1.9606345547633799
2.7054471997851524
3.5998195545998355
4.466797248198602
5.13174599707736
5.462009217267005
5.395966524893101
4.954819469782046
4.234622978977125
3.3808240454399776
2.5517277845553856
1.8798948763061116
1.440874336316019
1.2368074610464912
1.1987623963874163
1.207066192465573
1.124502351350448
0.8340981044820994
0.27209527093379204
-0.5521450038803533
-1.5543870904186519
-2.592584071662701
-3.4988283229076504
-4.118584358434214
-4.347741747862679
-4.158443728989223
-3.6072530230482034
-2.8233977623367412
-1.9796039438040636
-1.2522283412960957
-0.7800460894523056
-0.6314778142431261
-0.7881435341314362
-1.14884005384698
-1.553243419470738
-1.81996966314752
-1.7901923332335938
-1.366633495015483
-0.5387526063573975
0.6118723222339508
1.927383294963537
3.207171990461071
4.251444539888425
4.904821619899074
5.089964527372253
4.823543957592913
4.21098149499482
3.421326200863298
2.6482212080640535
2.0660920264989837
1.7917102828511722
1.8599252924740193
2.218945541723261
2.745909175903091
3.2787103542482425
3.6562749628009668
3.7575900291511175
3.530219853016173
3.001669121157764
2.271137718010329
1.4839447936263266
0.7950465176922501
0.33064383912898965
0.15726549374820542
0.2658345707961851
0.5745447684677085
0.9497776145452854
1.239894313929284
1.3135963919317752
1.0934253714705626
0.5761357057877821
-0.16515111878178557
-0.9976823761539821
-1.7607666661733785
-2.3048138051713263
-2.5282555576816037
-2.4033003836099627
-1.9840841474393478
-1.3949632047165594
-0.8014621332989045
-0.3705967895360138
-0.2299326150303127
-0.4351656780216995
-0.9541113150673928
-1.6711884150096148
-2.4116852893603413
-2.980418010970979
-3.2059517159964903
-2.9801697054696246
-2.283981409656383
-1.1931314522489966
0.13733050227479873
1.5064124472824518
2.7107329173197323
3.588268156388927
4.052277863208669
4.1077098668930185
3.846488515958463
3.4230169853944754
3.0158117966516715
2.78436311111415
2.831337870506071
3.1788858543177048
3.7644050639493614
4.456488104855097
5.087007904662674
5.49153629462442
5.548407122377609
5.20716951234659
4.499806982013219
3.5322829034225567
2.45870381703521
1.4445356346939522
0.6278757132092683
0.08816912675390398
-0.1701217793790759
-0.21506805459185563
-0.16681158952359643
-0.16424966774400018
-0.3271610833355567
-0.7231862358557843
-1.3479040985283184
-2.1230712631262634
-2.913665697103079
-3.5597751580912815
-3.9156986082909304
-3.886779592743738
-3.4549200923072267
-2.686343229902662
-1.719368783709358
-0.7347412311739405
0.08473385265524258
0.5958452737985498
0.7280949243052555
0.5003557299007555
0.016946734531253282
-0.5561872837130502
-1.0298203035634796
-1.2354924240326057
-1.0650440313198655
-0.49641883084571425
0.4003174516763395
1.478202855395254
2.546364875885957
3.4131459907739488
3.929393848895998
4.021918281616467
3.709429751646627
3.097374544021038
2.3530041350324415
1.6666019173766016
1.2079646565420468
1.0882598997059914
1.3360251692673382
1.8926736395677621
2.6282391158506044
3.3733322719897054
3.9595166196285856
4.258430335951616
4.210411268589882
3.8360073545436126
3.2279321099174934
2.525746924191545
1.8796858323433223
1.4125972810118732
1.1893553246010877
1.201208748848326
1.3688528429329936
1.5634181315932043
1.6401829651828388
1.4766921532789221
1.0058573518780607
0.23579667904828927
-0.7486395995198845
-1.8032780365640448
-2.7569765308888643
-3.4512598880356276
-3.7777220348073968
-3.704112587090269
-3.282650159917421
-2.6383065599106352
-1.9395882990808009
-1.358563934121637
-1.0295343784871418
-1.0161752352143887
-1.295076780289979
-1.759805037295212
-2.244796458422318
-2.563712812958956
-2.5534311829428136
-2.1134480115196297
-1.2314743350973951
0.010834413345443883
1.4534745521963075
