4.4
8.11656857453789
10.153072088174747
7.825174749499409
4.910816382616636
0.2351964244889615
-0.2253745645999392
0.48801031869353406
4.657713745850968
7.532429702180119
8.781967106301716
7.520606123486805
3.9925358222059932
2.1008416445405094
0.43605683752597835
2.785684103395427
4.228595568350983
6.903060778822283
6.5299266523834625
5.619131821959405
3.8776342237242556
2.6470282990505205
3.5325795798015442
3.90672570646755
5.839011107879552
4.89469979372727
4.927575524065281
3.0509661296571884
3.300229644881322
3.8284281807568012
5.241371112563675
6.573940653199099
5.672462988787818
4.939006760105886
2.1225446981519696
2.224488013718699
2.1286256418522553
5.023476989899626
6.637358830819615
7.57567436895458
6.39033353793265
3.4639224581538155
1.9069537603239728
0.5980403127610918
3.217073354510961
4.9828269174477775
7.974780702960684
7.35601840567624
5.841327173260766
2.8830656732851283
0.9365625108715137
1.739382765791229
3.312138057258272
6.897522631944274
7.273363400252886
7.358153911949794
3.9486876164426716
2.1036326938652765
0.8801191617518815
2.4437838893786044
5.43834897006322
7.2181848533718025
8.200137951965491
5.276464175194269
3.268908785320056
0.2893071414737042
1.4297958640273936
3.3021670710966133
6.787181247813226
8.501105064963618
7.468079453334224
5.167311669274477
1.2160126898040589
0.6445761719855303
0.762599150373902
4.730426775919096
7.002486492011789
8.823460228017982
7.224817267884192
4.2252218038371625
1.7397911877347267
0.17629420002701413
2.3519034419899425
4.120591812307559
7.470805398755766
7.188413375087901
6.658378948149566
3.88864665379239
2.3917051818643604
2.2092614545427187
2.9695131241284165
5.210373199725436
5.3052190753932535
6.080389019201838
4.1548228029626735
4.229135569809716
3.46743415565215
4.641376050099984
5.201879320317213
5.071173130850575
4.584917852047328
2.6437566051663803
2.9659370736798234
2.78146715028082
5.622663082560109
6.548908132600785
7.6481282050757535
5.723386771666524
3.1224723065049136
1.0188451161732646
0.2017757075981661
3.0196922983858823
5.519412815062892
9.206341478502377
8.5113478843872
6.85886863548295
2.350629356052174
-0.2414572501870451
-0.5146510486037588
1.9568305182151304
6.589581956854469
8.834168232557886
9.910783237301066
6.127610453860247
3.0279053397551614
-0.6518908605422882
-0.09979819385547439
2.3179355566967974
6.070696540761929
8.902042574626314
8.165051650882882
6.4284665022574625
2.215572275046668
1.2266363251868004
0.6927227036247499
3.7678610382622573
5.8571740936472105
7.401417930268464
6.7686599005048365
4.3689570658462875
3.1093342146388165
1.724539325464166
3.72247214023154
4.478321720261369
6.533421680357662
5.580023446631441
4.702109362606889
3.066928573467672
2.505782026900503
3.8573862463479993
4.801277132976109
6.8239407487984085
5.6362279746567205
5.108026345856088
2.4403353822263902
2.300965893008937
2.641944336696282
4.689270439026206
6.682764659015111
6.665857731926833
6.161083837694118
3.1079972943343352
2.4384175718582104
1.4317466092759459
3.8892991255759095
5.44955281960536
7.146746031040728
6.630634723063693
4.461978305519763
2.899863647318684
1.2915793548353653
3.2242099671506175
4.424598875901346
7.2439667980347435
6.672617687962915
5.653138002824534
2.916300489843735
1.3486982055885648
2.067606567370392
3.7151579214144115
7.147875453824498
7.455096472183127
7.380175026139236
3.639466001726844
1.615064699234921
0.1258468743234269
2.019935414629745
5.369065851621606
7.929004246446084
9.2399184961732
6.322323853826573
3.659298303706122
-0.2856631375017321
0.156955792102766
1.7675844583422846
6.010590123651198
8.697118577921014
8.878768363465628
6.871846647466095
2.552150260120148
0.7577323848688429
-0.3746379030003033
2.9146900517952536
5.320901407978612
8.294608486695495
7.881269330634121
5.984817997196496
3.458453343400871
1.2619652287100425
2.112989852564293
2.8489271152247473
5.756889234905264
5.8079214352005915
6.333744090691367
4.525512155989969
3.8903014151525985
3.6178533356082836
3.9525487179390204
5.138852735611275
4.42896142837719
4.662655452127761
2.8200564868442104
3.5823666265649377
3.6604572964951325
5.82493557159721
6.65859100077519
6.4506099918032485
4.9889863129086045
2.0583664192454094
1.4107864317684022
1.0317025958956991
4.4860355059334305
6.552699154508934
9.009430195814595
7.633267130898515
4.911812697661782
1.51446174527975
-0.6355034234601269
1.0074745881739582
3.48160624789278
8.08611918240663
8.885779561287682
8.62431447577144
4.453759345840576
1.351436676956772
-0.47104901014356826
0.7333693062380523
4.510541020398007
7.170654796520128
9.319895407466836
6.898394087831331
4.705443961013245
0.9561500782608525
0.8409616774862152
1.9982951997517924
5.022601808034072
