0.8
2.260964418936346
3.515335266598238
4.4003178590723
4.830715476710856
4.815059214345087
4.450511896036029
3.897917740460739
3.342956747218092
2.9525350744536336
2.8365621849930447
3.0239037847671755
3.4578899377496515
4.0121149091450246
4.5224910493842385
4.827740589973204
4.808612263458371
4.4165294818466005
3.684996960739652
2.7212749222001187
1.6805681717818457
0.729138180189074
0.005339886065770738
-0.41199984218561947
-0.5202960376198286
-0.3911077251160077
-0.14990988909266934
0.05718041474907776
0.10148028684467136
-0.09477970958261017
-0.5378468414420712
-1.159845861989681
-1.8349334882842452
-2.4103656102696878
-2.7449572158337467
-2.745539589986746
-2.3924078968184004
-1.7473240281697338
-0.9417892596383524
-0.1480419764060663
0.46056609538060045
0.7505160826145897
0.6606430508756673
0.2183570588867192
-0.4645456232656504
-1.2158146469260358
-1.8410934654299107
-2.1679141323484514
-2.0851696792644554
-1.5688763019285477
-0.6881807836017002
0.40985816233672023
1.5332535204742688
2.4882436006800477
3.1226567041637896
3.3594891878146944
3.2129942705089642
2.783666945046399
2.2334296540273657
1.7469183576612544
1.487962702018031
1.561403478042863
1.9890592864824794
2.7052680041873822
3.572796139302961
4.415129589172348
5.057360979586081
5.365961915905469
5.278115329625562
4.8138748236317355
4.068582783854224
3.187714756678619
2.330491346953715
1.631217611630403
1.1677566185299604
0.9447235920529329
0.8953481328497233
0.9013771718761259
0.8259856837886335
0.5514880264735997
0.012465016365033943
-0.7839751896111709
-1.755965107052258
-2.763452058540397
-3.639760025998017
-4.230624255755765
-4.431282517950645
-4.21256922655441
-3.6295106086487308
-2.8100611494112195
-1.9263698187901324
-1.1551849637174303
-0.6366852001926191
-0.44150886526718236
-0.5539148965509382
-0.8752648684686608
-1.2472459291142213
-1.4895826563167478
-1.4435196928851677
-1.0109231018120988
-0.17979582660398463
0.9698810971130871
2.2815102481149934
3.5550358528279005
4.590339297312435
5.2309198486901805
5.397836333148748
5.106151470216611
4.460191050737512
3.6288480371245577
2.806772311947915
2.170510691081696
1.8397490679789186
1.8525150320277408
2.1598427684559325
2.64078523907961
3.133877767460762
3.4773414053912646
3.5483585099372617
3.29210587952244
2.7337913910621308
1.9710832569710552
1.149048596961561
0.42389781234562784
-0.07553263059855375
-0.27915649075039406
-0.19226864410974887
0.10654974265918743
0.48566023328315866
0.793723083377518
0.8979777018371359
0.7180404886841374
0.2468897497769822
-0.44619204853737826
-1.231569116992377
-1.9503426544403484
-2.453108826263944
-2.636981221824569
-2.4718047426989753
-2.0090130133154296
-1.3707079494331458
-0.7212876022653845
-0.22818250890647218
-0.020963822746997485
-0.1586008379207906
-0.6128319693615063
-1.2718864156131329
-1.9640256562464524
-2.4956886112326484
-2.6955316826985998
-2.4541875593220195
-1.7504814769788313
-0.65793590535716
0.670054912128573
2.033055429834564
3.226921772507911
4.087704229745729
4.526072769882715
4.544447456918554
4.233060134905548
3.746082194870091
3.26357233658688
2.9482458569770555
2.907187364417595
3.1673700283119537
3.67051645333673
4.288235664073236
4.85359072400283
5.201422146357112
5.2077723808074925
4.819081967147237
4.064364624290556
3.0476978556575935
1.9230932283386202
0.858004516487846
-0.0056066194236186195
-0.5832271792879764
-0.8651205654636878
-0.9149782880575099
-0.8504129950850041
-0.8102332418391689
-0.9166554858027625
-1.2418409534216137
-1.7870965688699263
-2.4800010510265587
-3.1903493778352328
-3.761202753899383
-4.047598715782083
-3.953522288479551
-3.458045277383936
-2.624047250078311
-1.587050669944251
-0.5264566008120362
0.3742783119535885
0.9692498630265367
1.1836780140000533
1.0314057497479099
0.6119978944661332
0.0878794143360204
-0.35334612508793034
-0.5427343621004974
-0.36982447384015416
0.19084420316500306
1.0727569563952897
2.1316907682376156
3.177981132715094
4.0193522181467625
4.504414613144259
4.556787155559272
4.191996369382569
3.513330375364474
2.6877265324832873
1.9074014328040323
1.3462034602786668
1.1208203025528058
1.265746970707519
1.7276162349247879
2.3799036151691606
3.054233590655569
3.5806634238461155
3.8273093008662116
3.7299689565748535
3.3048994611940845
2.6420163505998278
1.8805005608108223
1.173001568700086
0.6473069024884397
0.374875802285487
0.35389246680353925
0.5109106082078072
0.7206051233179123
0.8387193621753883
0.7400660372245184
0.35218597495310644
-0.323704161979568
-1.209780829504876
-2.1676402489493602
-3.029607350221391
-3.637896553482306
-3.8822100188465978
-3.7266340415067845
-3.2191759097585377
-2.48138991897942
-1.6802982650537965
-0.9890852640467156
-0.5458063590334377
-0.4199359863273133
-0.5948259739021344
-0.9704591832960727
-1.3861240869490754
-1.6579262984315533
-1.622507783118977
-1.1768077765497162
-0.3045438183572988
0.9168719478874079
2.330743592624419
