0.0
1.4493649711202674
2.6946078679522083
3.5746445832306195
4.004708653767569
3.992372145699269
3.6327956458168567
3.0844836139845397
2.5312938261358786
2.1395667360113126
2.020282435358893
2.204887108560723
2.6401656447893984
3.20304717126321
3.731573665227114
4.064530143556446
4.080296881351314
3.7257819335710822
3.0287394383023587
2.0907831478060275
1.0630085549309318
0.11024733461399538
-0.6273765462280142
-1.066358156229077
-1.197604089221635
-1.0859679854074875
-0.8518123096970295
-0.639214448452873
-0.5786467408643725
-0.7532811753227939
-1.177184974593523
-1.7907948663707773
-2.4748737341529163
-3.079664723105178
-3.4622406532532537
-3.5229952538998397
-3.2323368826951873
-2.640909745555393
-1.8705540641460328
-1.0878080087318849
-0.465960863278597
-0.14448466206864397
-0.19542033630256483
-0.6047807410020765
-1.2735977987670262
-2.03868153493918
-2.7085418632331235
-3.106335560543859
-3.1099900633509145
-2.68023403243909
-1.870007751975725
-0.8130019108825154
0.30611212697699397
1.2929655835024814
1.9868322532703526
2.296098033353373
2.2177635110402445
1.836587046964648
1.3041880127756182
0.8030512796441871
0.5038291429268069
0.5258254086490171
0.909730346087243
1.6087567771236366
2.499999999999998
3.4131276316338797
4.169506047725056
4.622520054704809
4.689681302833762
4.36917035674021
3.7372180438465805
2.9273035760077253
2.0964431674806008
1.3868475869632069
0.8922354770832397
0.6368734480193639
0.5722753922548285
0.5921899761453762
0.562069811813268
0.355710404638234
-0.10999006335091188
-0.8507524115310421
-1.807198028904489
-2.855770579989704
-3.8358616582353955
-4.586751325695375
-4.98553524253483
-4.976876230071731
-4.587281206838241
-3.9202326013017363
-3.133042163120224
-2.400669117669546
-1.874911847534419
-1.6485815399224542
-1.733198681075792
-2.0556551566594434
-2.4748737341529097
-2.814804432816512
-2.906226946770981
-2.627694889300181
-1.9360717760251451
-0.8794550763387277
0.41067578927715476
1.7464566071623588
2.9237162543379975
3.766033411774005
4.16273836000425
4.092217919307298
3.6252724143993023
2.9078721928565554
2.127395603973734
1.4701987845582747
1.0802968813513183
1.0285857064791264
1.2994961014381312
1.7978552842353157
2.374002379511567
2.8609792440438406
3.11487921154601
3.0488171824014803
2.6526141696955245
1.993767084941465
1.1997656147458962
0.42625306860324874
-0.18114350613938401
-0.522050062825175
-0.5651678336856045
-0.35500588338998096
-1.2184569927814749e-16
0.3550058833899812
0.5651678336856061
0.522050062825179
0.18114350613939778
-0.42625306860324264
-1.19976561474589
-1.9937670849414744
-2.652614169695523
-3.048817182401475
-3.1148792115460138
-2.8609792440438464
-2.374002379511584
-1.7978552842353213
-1.2994961014381339
-1.0285857064791184
-1.0802968813513125
-1.4701987845582662
-2.1273956039737287
-2.907872192856545
-3.625272414399289
-4.092217919307297
-4.162738360004252
-3.7660334117740213
-2.923716254338011
-1.7464566071623748
-0.410675789277156
0.8794550763387126
1.9360717760251247
2.6276948893001792
2.90622694677098
2.814804432816521
2.4748737341529154
2.055655156659451
1.7331986810758016
1.648581539922454
1.8749118475344149
2.4006691176695485
3.1330421631202183
3.9202326013017186
4.58728120683824
4.976876230071726
4.985535242534834
4.58675132569538
3.835861658235401
2.8557705799896977
1.8071980289045033
0.8507524115310638
0.1099900633509181
-0.355710404638229
-0.5620698118132705
-0.592189976145369
-0.5722753922548234
-0.6368734480193581
-0.8922354770832355
-1.3868475869631993
-2.096443167480606
-2.9273035760077173
-3.737218043846562
-4.369170356740219
-4.689681302833765
-4.622520054704811
-4.169506047725063
-3.4131276316338948
-2.5000000000000173
-1.60875677712364
-0.9097303460872519
-0.525825408649012
-0.5038291429268078
-0.8030512796441801
-1.30418801277561
-1.8365870469646388
-2.2177635110402383
-2.296098033353374
-1.986832253270364
-1.292965583502478
-0.3061121269770065
0.8130019108824941
1.8700077519757192
2.680234032439087
3.109990063350903
3.106335560543857
2.7085418632331297
2.0386815349391934
1.273597798767033
0.6047807410020893
0.1954203363025675
0.14448466206864463
0.4659608632785899
1.087808008731884
1.8705540641460228
2.64090974555538
3.232336882695182
3.522995253899835
3.462240653253247
3.0796647231051812
2.4748737341529257
1.7907948663707722
1.1771849745935263
0.7532811753228015
0.5786467408643745
0.6392144484528695
0.851812309697026
1.0859679854074917
1.1976040892216395
1.0663581562290787
0.627376546228019
-0.11024733461398184
-1.0630085549309314
-2.090783147806018
-3.0287394383023427
-3.725781933571084
-4.080296881351311
-4.064530143556457
-3.7315736652271205
-3.203047171263222
-2.640165644789396
-2.2048871085607225
-2.0202824353588906
-2.1395667360113104
-2.5312938261358715
-3.0844836139845246
-3.6327956458168527
-3.992372145699264
-4.004708653767569
-3.5746445832306257
-2.6946078679522287
-1.4493649711202712
