3.2
4.882869398277095
6.3021000502316555
7.254261756537126
7.641551941241666
7.491317352374924
6.94501359990706
6.219532804395566
5.550680442354262
5.132980804948449
5.070843126253164
5.35322182982196
5.857986624618922
6.384766399842677
6.707910040756674
6.636195091775796
6.064257556160142
5.002817010921297
3.580094023469097
2.014021529235795
0.5621327038320658
-0.5384530544124121
-1.1261026869119066
-1.1512437052239513
-0.6855395458594465
0.09838699593053879
0.9714168728911255
1.7053584177583598
2.128981739596929
2.168788555669798
1.8645718136913079
1.3561984309388038
0.8452649405490658
0.5415196693573983
0.607662524196982
1.1164146576817073
2.0305526849355147
3.210754909341551
4.449096698145442
5.519624740838687
6.233235719315112
6.483118235290942
6.269501001915148
5.697730920691887
4.95043136301794
4.240962723315724
3.760003020295504
3.6286516784863245
3.8696678609324326
4.403771688556068
5.071570368136566
5.675240594600017
6.02922156571473
6.007058785906897
5.572687304140147
4.788525682822432
3.798703770573347
2.7920433931336146
1.9544570161436954
1.422965324808294
1.2529501637987979
1.4067410877627986
1.7661095975469827
2.165140357166429
2.4348192734939302
2.4478144294178885
2.152027064769555
1.5844938153109565
0.8623283859565654
0.1532750414156725
-0.3664003618062903
-0.55583774099151
-0.3441709598808891
0.2528446450606877
1.1380846577287118
2.158468384703421
3.1436920190594524
3.9481451746707066
4.485223379456465
4.745379694420699
4.793588769610197
4.747285605981108
4.740887842328129
4.886415971451435
5.240628144649378
5.787277331522556
6.439073159680962
7.058752109017866
7.493680549922325
7.614925335012755
7.350620153058522
6.7050018033644605
5.758267931474464
4.647419013687464
3.53318073234536
2.5616747876006567
1.8307946020988919
1.369924665292957
1.1380764041993687
1.0406420255197038
0.9600702626704618
0.7921263088509367
0.47796251253861954
0.023367801200743665
-0.5000213706991696
-0.971975829438369
-1.254914500527832
-1.2309162775594324
-0.8347075908230506
-0.07382467771865231
0.9695350845704543
2.1556844039019105
3.319365772413118
4.308254920086522
5.018112890072247
5.415476003847411
5.54198990918044
5.499273950342056
5.418302308532237
5.421374647972555
5.586744022836811
5.925335799921227
6.375874068073728
6.819927368807885
7.113136841209775
7.124566827444814
6.773860942866996
6.056307367216219
5.048935001114607
3.89561878748558
2.7746228047633235
1.85664086353349
1.2639911397777661
1.0414838783266702
1.1466114574318467
1.4618189634213075
1.8259437904308404
2.076923476731132
2.094861622050353
1.8343149377634052
1.3373131229620019
0.7234986460427704
0.15964461418971598
-0.18382664533408066
-0.17823346387677141
0.2278119773933014
0.9920684674056086
1.9861176337093622
3.0251170568941816
3.91261100331448
4.489176172377577
4.672523114383017
4.47867208674855
4.018503820680256
3.4701875399941557
3.0341449505155045
2.8817476589693642
3.110689390598763
3.718445853486859
4.600785307455019
5.576020867379978
6.429175922450806
6.965120956583612
7.057347202278042
6.680005827226707
5.91495071733111
4.931767827657629
3.945592545820718
3.1631864191425625
2.7308189197795745
2.6971759153675823
3.0008445976226334
3.4858028101337757
3.9412943506911637
4.15627281581685
3.974817367286053
3.3385385607450404
2.3051263615187794
1.0380842919899258
-0.23011890821937786
-1.252564744712189
-1.8266562924082288
-1.8425712885154268
-1.3093067582023556
-0.3517538909657254
0.8205546277604341
1.9653034791211645
2.866960572051476
3.389182325920331
3.5069402322074454
3.3102950472629002
2.978832923301564
2.7331397831436206
2.775481370073515
3.2346190940421327
4.12872292990124
5.355872306686419
6.714772496483002
7.950768475641127
8.815896811414294
9.128167902218275
8.815409045978576
7.932795653069757
6.649710507977577
5.209176096962182
3.8699048957477418
2.8453096813787933
2.254538121072536
2.097564430187586
2.2603453179915185
2.5485351119532673
2.7411334730728414
2.6504862996213086
2.173509657962443
1.321239031935889
0.21925673288556902
-0.9211493984968782
-1.853920585193622
-2.3585642725370146
-2.294867492598134
-1.6383784852503545
-0.48785571801744165
0.9571315720166713
2.442854912736396
3.7207448990213785
4.604712956814237
5.01240006348027
4.980362394024253
4.649751424356662
4.226406656404841
3.925610800095435
3.915485830964019
4.27322005670524
4.964982604983872
5.854361045703837
6.7369751636526045
7.39238046198879
7.640110235900316
7.385765010327103
6.645652279401414
5.5439303495177255
4.283129679872925
3.095568427675063
2.1878844638711126
1.6925122332045057
1.6380650747025238
1.945742280718615
2.4523071107599916
2.9535421444338326
3.2570476076427313
3.2310545887330964
2.8370984732270674
2.1386067766356853
1.2836081074574914
0.46629588008426337
-0.12256519123851384
