0.8
2.2573965369016924
3.5080207027713386
4.389004879117719
4.815261382032375
4.795636825069573
4.427780868822243
3.873108869451065
3.3178390703632177
2.929265390449711
2.8174465977306307
3.0111232145034377
3.4532503290824503
4.016875915822124
4.537306289457365
4.852713807190008
4.843444686569687
4.460712128197355
3.737993247552118
2.7826457193410707
1.750011122663902
0.8064398928657908
0.09026562711717578
-0.3198366491573862
-0.4215381275073452
-0.28669653971796555
-0.04105333457703353
0.16910048116113563
0.215022373783194
0.018968542283177126
-0.4252731150771851
-1.0498840564266658
-1.7292634528318485
-2.311145260146798
-2.655034908455856
-2.668558250786446
-2.332727074267713
-1.7097204994095987
-0.9309482398949657
-0.16790784278267168
0.4074626612869585
0.6636120106367414
0.5416412557260437
0.07117222551729574
-0.6342237956265839
-1.401289485967975
-2.035632053739733
-2.365737123293001
-2.282258460742284
-1.7634213000851373
-0.8805609281266918
0.21758046432546033
1.3382348811235916
2.2879841722479446
2.916117393746746
3.147966079952965
3.0005591297225123
2.5770689783424423
2.0414637481161257
1.579374880563743
1.3543595304312
1.4697433402373274
1.944845654911101
2.710953357481637
3.6277414218678583
4.516045096186685
5.199101465228522
5.542484202737535
5.4833886657841555
5.042564960398851
4.31640078611567
3.4514122121796618
2.607571668097683
1.9194965764921366
1.4649290116929727
1.248072191011428
1.2016734445326234
1.2071481904486117
1.1276358779175772
0.8457287018912368
0.2964757893628105
-0.5125867895432128
-1.4994731514304798
-2.5245399326656517
-3.4221312685667136
-4.039506945764153
-4.273631059090413
-4.096815497570022
-3.564811988006261
-2.805115588083776
-1.9879889586238872
-1.286904425395911
-0.8377214756305531
-0.7063319725635762
-0.8725985837612231
-1.2346215836169359
-1.6325844772388465
-1.886780428038237
-1.8410133780092404
-1.4012151870175622
-0.5601547378859184
0.5976953463465418
1.9124664882858382
3.1827722997028847
4.209442760015249
4.8390836283254846
4.997453812456754
4.705012642485217
4.071129900021653
3.2684011941056554
2.493108046284603
1.9210294423855598
1.668812451386499
1.7697190861597287
2.1691243125809305
2.7404676547747933
3.317566206638583
3.7354112547854226
3.8696806634810965
3.665637442408242
3.1497298303168595
2.4214149249991035
1.6274838636279962
0.9253341168256588
0.44422224343172156
0.2539292609811046
0.3483976241723341
0.6482149806463786
1.0212190827242387
1.3160915292076734
1.4006571810017978
1.1954691825275532
0.6944093058607337
-0.03280788601906126
-0.8569323149816136
-1.6203914208211008
-2.1758667766681583
-2.422829332063345
-2.3330447196021313
-1.958656865975173
-1.4206220800984746
-0.8800043085237339
-0.49881994827650256
-0.399730449034881
-0.6342856134199348
-1.1675062870438664
-1.8828012765002717
-2.6064297468733524
-3.146077547358196
-3.334717050643982
-3.0695786791398545
-2.3371079831403017
-1.2179808981023936
0.1291423531088096
1.5015065142762722
2.6960677272346985
3.5531798306402496
3.990152918396201
4.017041049117925
3.7311595694502544
3.291781223548836
2.8810520387217045
2.660327189276506
2.7321179403826825
3.1164405694496606
3.7469082459782017
4.487230462797451
5.163990645153749
5.607792236197866
5.692982539609816
5.366613176103351
4.659952699512289
3.6800841445551105
2.58388424026756
1.5408533916826643
0.6938550269492385
0.12722102070719532
-0.150195297207516
-0.2031231315652412
-0.14984222386663237
-0.12912920291884422
-0.2624472059339644
-0.6207801309584315
-1.204363293942509
-1.9404052327573869
-2.6994930317279673
-3.3267886711935573
-3.6804651559627324
-3.667986781632357
-3.2712619974755466
-2.554299864537799
-1.6511678404055337
-0.7367866356688988
0.012727887264914584
0.46086141764915967
0.5429234831559095
0.2819015514725839
-0.21605019070161413
-0.7857011061853292
-1.2409873931012751
-1.418588549217421
-1.2166813412157287
-0.619765623651552
0.29634346780119847
1.3806572188504087
2.4406584881316795
3.2857228774092935
3.770290280184552
3.8268042787205463
3.480812837782559
2.8447749212751945
2.0920688248629067
1.4172867908923665
0.9920517685805876
0.9265717637668094
1.2457342827916111
1.8850813919780913
2.7073198903654236
3.5352210235938895
4.192981532492235
4.546237745198689
4.531376988281076
4.1674508493085884
3.5482147920914047
2.816583513300942
2.1279625449703934
1.6115029920427684
1.338720327927654
1.3070391202916156
1.4421370409104557
1.6183589569949146
1.6920670900538142
1.5396475137367656
1.0907632426909541
0.34860058697682517
-0.6079814305454083
-1.6410819687719527
-2.585265654094396
-3.286383010842032
-3.6382969763196615
-3.6085332737263407
-3.2464748236114827
-2.6718853827284628
-2.0462821037656655
-1.5338460920887338
-1.2611592794813415
-1.2854505663610538
-1.5791134588907239
-2.034463006557081
-2.4879228195941474
-2.75820342495922
-2.6896523419146163
-2.190634258535781
-1.257862354621899
0.019188523394303103
1.4750460588043244
