2.8
4.360214350389708
5.689178370280009
6.6062928537766
7.020373658562979
6.947476976556435
6.503724054461938
5.875008187530429
5.270940467847069
4.874084051870881
4.796562418388465
5.054270258052597
5.564627842243173
6.168144809155636
6.668368810895324
6.88045488200702
6.676634282763468
6.017736493571743
4.963387806514606
3.6587129775943357
2.3010299849547975
1.0947799530128035
0.20563675228875566
-0.27523597530958394
-0.34844141278424
-0.10139030946275618
0.3171594374638196
0.7364074171558987
1.0067613032126312
1.036364353079437
0.8120862336468504
0.4001551242358625
-0.07327316250084426
-0.4563453277030767
-0.611683747534566
-0.4523025244745049
0.03572081220777246
0.7893643055636224
1.6843279873122752
2.5660737703362377
3.288227120521473
3.748536976343077
3.913280692049522
3.8239862733182823
3.5848638257537124
3.334248808567166
3.2074228870130375
3.3003701137057977
3.643793884461326
4.194119969362719
4.843894919021221
5.4490424388066865
5.866110209456655
5.990023427278642
5.782630800191911
5.284559822517042
4.60704885261521
3.905465859393298
3.340897695075152
3.039320650735159
3.058640336228766
3.372093548582283
3.8725536914816545
4.397133294776643
4.766399521806082
4.828775191142236
4.499235946417372
3.7826265483718187
2.775541668414788
1.6458867657029321
0.5946991059447835
-0.19077211207523437
-0.5814517003366679
-0.5374662287124451
-0.11808779498579147
0.5321124439983895
1.217869701959558
1.7404922261478437
1.9465338456853687
1.7661519008858289
1.231793018697705
0.4724908347469743
-0.31512513420969396
-0.9124174828619758
-1.130212791205155
-0.8539712830882711
-0.07190809157113781
1.120663132700378
2.541857427968024
3.963803866997252
5.163716718205442
5.973407429574957
6.31559727177326
6.218570979168671
5.8058991064455485
5.263901828388439
4.794802136556604
4.566860870758161
4.673408673219805
5.1104583589930686
5.778050469502282
6.504759995604244
7.089258514464371
7.348812069209011
7.163052726713305
6.502637993100384
5.436170239924883
4.114054118544231
2.7335241660640777
1.493530955548122
0.5504662771301956
-0.014692736201268652
-0.210201627408156
-0.1254766048218965
0.09633405692801955
0.29792191934645995
0.34948300469105
0.18210179340498533
-0.19528040279825332
-0.6992326257038973
-1.1943308907729853
-1.5288209723781492
-1.5742719274063908
-1.2591599138129301
-0.5879614295592925
0.35893281369929597
1.444297650386336
2.507172862910691
3.401506035243852
4.0305184629488275
4.368115291669042
4.461991927710569
4.41776393196438
4.368285907865431
4.4361050395455335
4.698761432480574
5.16595013955891
5.774567522460096
6.403124186527557
6.902057451885831
7.132365965803443
7.002761717141157
6.495768233842716
5.675852347125683
4.677116139921578
3.6731992219448846
2.8365714254410097
2.2971903598683348
2.110836570411262
2.2452055508015407
2.5875537602468492
2.972403285828986
3.2228075009137784
3.195211446466698
2.8168838711711963
2.106545332304098
1.1727973631245903
0.19032183005958586
-0.6407327947249343
-1.14256479607921
-1.203214614712177
-0.8051043724808817
-0.03146310590539336
0.9512613198942381
1.93112401957923
2.699758602742979
3.1011991578197
3.068788090875673
2.641262836361375
1.9540290590705052
1.2075315639150856
0.6201103583447837
0.37645925408036063
0.5838858343008557
1.246738145140054
2.265050105120809
3.457696734808885
4.60452297342326
5.497412786618013
5.988174029410548
6.021924549434988
5.648173198766123
5.007144713256125
4.294807857445942
3.715111981821045
3.430913381255931
3.525279404424725
3.9822659573815153
4.69151790921781
5.475301250772199
6.131230664024074
6.480289310551148
6.408615247754167
5.893193779452768
5.00561312378346
3.8934121335323706
2.743955695984334
1.7399036971875201
1.0172059118431094
0.635733336374231
0.5693826180936714
0.7175973209866897
0.9349577589353664
1.07110413346001
1.0108430163811877
0.7044150458361573
0.1805093426087241
-0.4609769882948066
-1.0743324723572245
-1.5049576063476313
-1.6283888208883819
-1.381560338087701
-0.778495509429661
0.09338575572331254
1.0952325093563404
2.0712779688964376
2.8870385585438196
3.4614431591323545
3.784723191501538
3.917546538674858
3.971675558567929
4.077160335521756
4.344547040963661
4.831907132901647
5.525332013920526
6.338169997436056
7.1295447851524045
7.737773192567146
8.020434637377805
7.891019883484847
7.342781756042007
6.453478611536792
5.369399502612023
4.272230664285489
3.336678841799844
2.6892103506571097
2.3781621615280617
2.3628252165781074
2.524516813162748
2.6972591324326696
2.710790311092113
2.4354675243981383
1.817981501150847
0.8988785034029678
-0.19279702078020344
-1.2668993789167429
-2.1153809617079493
-2.5611087044111787
-2.5005929574331685
-1.9302289576775724
-0.9494916970913553
0.2600066807086494
1.4749022841201662
2.48050729507519
3.1193986580923543
3.3266426735083714
