3.2
5.049767750334519
6.531646607694513
7.386738682269314
7.537653182830798
7.10107870512571
6.338102393638837
5.56144798998676
5.03280153732769
4.885077584397489
5.093749594748269
5.502739214270956
5.891068800524424
6.0536200700833565
5.867149824688796
5.321115058362375
4.5077562752736675
3.5810262176735668
2.703539622592347
2.001701651631203
1.542247566816993
1.3324584897048772
1.3364618510699253
1.495416803257399
1.741408123245407
2.0017221383955235
2.1978691889009037
2.2480455227742264
2.080291736247887
1.6569684122303818
1.0026390001996286
0.22155652404644322
-0.5086941859518672
-0.973361048548073
-0.9803272685864884
-0.4255911160922996
0.6595673118880142
2.1005232855842184
3.6188988219065137
4.911141641533736
5.741752539191351
6.019121152280292
5.825879430715268
5.390548814168755
5.007956345990554
4.934811513642658
5.296728282959942
6.039826193611368
6.944702403273077
7.698526540750809
8.000360023295807
7.663148039273082
6.677400791395912
5.215625043450197
3.5777099470600096
2.0978212650897463
1.045556995000391
0.554108665719165
0.5966186525335071
1.0137523863611917
1.5778209644662033
2.0680363960093793
2.330994031666315
2.309393919205184
2.0359161608888776
1.602104075109206
1.1191207501172433
0.6863090655619614
0.376126903962805
0.23438172636360832
0.28749047050673626
0.5469224520084812
1.0052973029750278
1.6261371254465364
2.3357682520457868
3.027582278987188
3.5843834645353816
3.915568408204784
3.9965523130375296
3.892933397951807
3.7545252291386806
3.7745202446000894
4.123141402069282
4.877474457285103
5.97418809987982
7.20656369160809
8.272751140273
8.86342989073771
8.761180945488777
7.917305982316922
6.477709108983054
4.746222476968478
3.095556270307029
1.8548866879126167
1.2118658177244577
1.1621132162836743
1.5226379132030297
2.003215434458511
2.309741977193922
2.243264205198022
1.7612774334737873
0.9825429295976003
0.1373172625242216
-0.5162740701981482
-0.7787199639153207
-0.5689933718378963
0.05972533983202877
0.9488697235113925
1.8927255547475328
2.7026894635889276
3.255498395216245
3.512721246292787
3.511497110520907
3.33702750463445
3.091647479347951
2.8724572571710665
2.7617931852647444
2.8265578429804172
3.1178358066724394
3.663465944519685
4.452469942828037
5.418013485083669
6.430534002751491
7.311625699409807
7.871851705332441
7.964651682348261
7.538811287311496
6.668406019781737
5.544306167404469
4.4241757708237
3.553873587447346
3.0859185569794407
3.0246290863041447
3.2202651878995976
3.4179625407210605
3.3472699301227355
2.8222244327152612
1.8164462147860407
0.48525996401013805
-0.8750039543111093
-1.9181010613226617
-2.3587353903662565
-2.065249873177738
-1.1025103106571335
0.28905440178170794
1.7699481117008216
3.006455789674043
3.7680121527556256
3.98561081085817
3.754982505682452
3.28825273621986
2.834994606428365
2.6019482750387484
2.697829785394493
3.117650127423638
3.765185313058139
4.499043235226033
5.181921512874888
5.715511492337466
6.052771642142544
6.190245677960952
6.150792506705416
5.968520432171387
5.683005864924933
5.342040738906545
5.0055517574016175
4.741560635795322
4.609208763618514
4.632004708424361
4.772441053349601
4.9225774895960335
4.921560502868681
4.601012662884118
3.8465989980706263
2.654349552111819
1.1582921836268292
-0.38644451530651924
-1.6657012166493073
-2.3968400013638043
-2.4184454937809927
-1.7473512701247538
-0.5805956884332271
0.7615976150044896
1.9347340688336165
2.678140484194864
2.8953142173639415
2.6787343855298023
2.2706768486825517
1.9740980721005128
2.045087604880216
2.6043602962736747
3.59771508003657
4.817338210268213
5.974132874907341
6.793940144109874
7.103701230216045
6.8792608051283475
6.241847254350857
5.409042861708017
4.621129459841947
4.069816156413338
3.8520887824211583
3.9599402308143477
4.302476415282342
4.746145672710817
5.155399159961138
5.420332745408355
5.466871661722456
5.254147817497431
4.768623289616637
4.0232988125906
3.0641860995323453
1.9787320234258454
0.8963340574362573
-0.027672687358203163
-0.6461604262587907
-0.8642979192457799
-0.677540068499416
-0.18583959640651293
0.427206548365739
0.9488781564933157
1.2099349373355555
1.1500135268154017
0.8499731071753915
0.5151610725924523
0.4107717351000767
0.768801417025383
1.698399644951014
3.13246453583623
4.832060054769063
6.450329271685255
7.636215230644412
8.143450515058237
7.907632861328741
7.064946464941981
5.906372204707649
4.783625001121685
3.999377182495251
3.718742461300894
3.930205880135496
4.4658217572213
5.069621933199622
5.487480897100733
5.546570536515657
5.19915202520667
4.520471705034481
3.667689642585096
2.819480809472508
2.1198814139096367
1.6445867385774706
1.3964467722452087
1.3246869235467513
1.3544956839284281
1.4127977470777198
1.4416477679265387
1.3992836426470818
