4.0
8.280509190628134
1.961337728339264
7.910153510749296
2.784425703979693
0.06157635419605523
6.238210772056801
0.7114967988836315
5.931600123783705
6.920667523187165
1.8137368760955508
6.8837699485018735
1.864992457356048
2.2517742458048873
5.475701187373307
1.3086625702216237
6.276566380835224
4.920814059133775
3.7881911880889474
6.267450817906697
1.2355243168063836
3.5526471642210535
2.9589308197288293
2.7613157374193738
7.507345219191604
3.901256360142356
5.783554387908207
3.7488735999554574
0.01223199280664411
5.062410233433085
1.9683656343524378
5.629861452516962
7.790478242222489
1.7238025736448919
6.226887867949255
1.5668695191322175
0.9683888237673199
7.1735510620923435
1.2929737528511278
6.729143656833902
6.2390995579118265
0.6678430784877711
7.298253967289886
1.00937917918179
2.1899240744063055
6.8810750307896065
0.5380006926963827
7.551820796125911
5.6147720836235955
1.6527954089290817
6.845119956741092
-0.2234794523570015
2.8379005651330687
6.1037855025188055
2.3426028578995233
8.471660428513474
4.151881706842736
2.0001586261129476
4.47962903791098
0.026568990130922843
5.167739664295579
5.557889593888526
4.298371347387127
6.96561596205357
1.7848540776970432
3.470849256200011
3.176371336062119
1.9808375494962012
6.639359444567899
3.2189153750888986
5.551671563101886
5.47387322433587
1.355970407459739
5.764874677159996
1.3103540937197666
2.875761708306888
6.734045988808039
1.9183000106469783
7.901811892935329
4.483127042323546
0.8464424597780789
5.954500287436637
-0.5927591089937527
4.656676909740038
7.607805608773509
2.1138357911470815
8.476520111734782
2.0443017696012795
0.43733328718961284
6.098427958409925
0.16146665669051496
6.838603238589498
6.8085607191389155
1.7147794141852537
7.218437871239392
0.941349841874078
2.3030358239924613
5.940760385321187
1.1519359655028878
6.924957807308348
4.800528311118137
3.0824396376340797
6.434247963092943
1.0448134159310947
3.6480350447294976
3.6263970045343776
2.4876001463745556
7.318855791380288
4.048232403097446
5.33539547273126
3.9960572324998402
0.34423733294449965
4.577695783930363
2.2579478234704533
5.659288406090498
7.459682361335121
2.388409178754318
5.903827868796743
1.1443565098294746
1.3763278224511577
6.615732455083118
1.728647951194409
7.401782066902021
5.573340973131618
0.957006211777421
6.901337890992091
0.3585387960069377
3.1531926317729897
6.776124055966403
0.6500118965504833
8.031179348631383
4.560835392698709
1.7710304428459238
7.110296383631747
-0.6150093259348179
3.677923309649943
5.905306346989674
1.863067103184889
8.95083416613845
3.6750544157359135
2.1207776828879648
4.908696236496151
-0.5669620764897123
5.384933972561028
5.7420817614428215
4.037864304391709
7.469762298913341
1.6260916165916872
2.930002798209994
3.383326178183078
1.8320679617634403
6.797450256407753
3.9181150056032186
5.212894005751653
5.185163675123171
1.355728938196862
5.181090747562875
1.8000637622479412
3.430961391505353
6.378055581048171
2.2817247379953853
7.466112508076979
3.9072233669825156
1.5629045276241502
5.6858850430707
-0.45448911458184993
5.170886062285352
6.767760108565781
2.4627345956461526
8.680475589292286
1.461466459857391
1.1179351671112305
5.673404470539246
-0.18935675863856238
7.644747830953812
6.3790587666211644
2.000463139318124
7.477784505784489
-0.04319532277916438
2.6175531295292824
6.019301435689372
1.0355995418481363
7.824317911235
4.434391872850498
2.6316062065126213
6.566269501094929
0.5012119019042076
4.044062661541798
4.226742583173168
2.175192142672359
7.455208046895002
3.839050778139203
4.82571940739188
4.446174024252999
0.4391441240282018
4.403274648707124
2.6381813160406753
5.31563338764204
7.32312207911474
2.9114043424032294
5.49273987963041
1.1591622544691993
1.5601575805708572
5.996368074142358
2.3130424087896175
7.7064289995217115
5.1578829081899045
1.431531481308943
6.218172202936852
-0.0453316360746151
3.9396796173317377
6.470611628811858
1.1728013306954326
8.331578365519162
3.5023841032622953
2.072811697965841
6.957465566500779
-0.8226936896671238
4.714758797658264
5.4794346320943434
1.6795118380573917
9.249143784148131
2.9073795501655306
2.578386431222678
5.199831354629848
-1.0797674156567598
5.872526851242146
5.507174686300479
3.8250235682578393
8.08564499373109
1.2462184616696026
2.7673896034362144
3.553785419654732
1.390280221576532
7.1896864637480355
4.399428019180929
4.893484282740072
5.256655135578716
1.0490414372393286
4.638055984062523
2.376294945593712
3.67544781350856
6.364787641947908
2.6978506460369207
6.765355048551671
3.5699777376360267
2.0221688626955396
5.355887011053179
0.09268872938744854
5.4529251102101295
5.995854381653485
2.8869803030946652
8.460036208960585
1.1585541029361923
1.9130312902187145
5.076729992715842
