2.8
4.467660702943655
5.8940899185478575
6.890212286853567
7.358727143897253
7.311755540913931
6.862511905880752
6.19339500217366
5.5086616409540445
4.983549898229018
4.722442916671305
4.7362467491652245
4.94422215961843
5.199315529243543
5.330142977333488
5.188674024083325
4.691357868051217
3.843243819222111
2.7390863477374188
1.5413502006905841
0.44092748036997254
-0.38925268848257766
-0.8358033837565542
-0.8710507018012772
-0.5572259872409769
-0.027800053923532797
0.5490294770167756
1.0151072880276482
1.2636598569295991
1.2664420834930736
1.0796300010731987
0.8269284015880135
0.664298557466588
0.7355264008145128
1.130301993250991
1.8559261094810289
2.8303266103443843
3.8986212639614863
4.869389524875846
5.561666250837517
5.850770859502288
5.701195373487051
5.177891568868937
4.432653529833916
3.668546246192278
3.0909063582251166
2.856923148660391
3.0363030164018214
3.592884709744611
4.391949653789063
5.231634335920413
5.890882019843117
6.1822630774507825
5.996776890934198
5.329729901139301
4.281469228590293
3.0329678357352936
1.8024517063107026
0.7938867121894884
0.15005400892429255
-0.07832645664550986
0.05992039017132256
0.4337655762453369
0.867355845196232
1.1876882919613783
1.2703735073891567
1.0719163530947171
0.6404931930165033
0.10274958902344578
-0.3697351547407225
-0.6055271078467523
-0.4783066827382374
0.05979800061485119
0.9649686076211883
2.111787923231214
3.3238963920690834
4.417176219988473
5.244246500097379
5.728773609352546
5.880787253788355
5.789149748623306
5.593277994778948
5.44163196233588
5.447964105764896
5.656968184810642
6.028595915270236
6.445520699913336
6.742237080734722
6.748623929015063
6.336924077754556
5.460010717635141
4.170822483132298
2.6174692880116446
1.0145873437774815
-0.40247519716021984
-1.4296515296212662
-1.939649278768486
-1.909741053452663
-1.4249412413007283
-0.6557013139966479
0.18445520180777875
0.8909762508866896
1.3172330508447856
1.4083948109533357
1.2120050236525477
0.862840244592763
0.5460214363798511
0.4477270693154356
0.7058850549507498
1.373148383055474
2.4013175648848892
3.6509620306519954
4.9236792970598255
6.00880258877619
6.7328325852484125
6.99930134966551
6.809298669340169
6.257845802343681
5.507421590878533
4.745676584861546
4.138265302487211
3.7888117542872486
3.716044008525095
3.853615165543508
4.072239523246382
4.218026711459957
4.156763345546799
3.8124241924410294
3.189760786239206
2.375004874055676
1.5144548563445732
0.776508280826558
0.30706803249006875
0.19005490474980147
0.42353016747746697
0.9179713571048361
1.5175574504758902
2.039357597473353
2.320610109508312
2.262042304136339
1.8560096230156593
1.191938549865897
0.4372221396165529
-0.20208463531395648
-0.5312586401633285
-0.41526684495158056
0.18657018318128982
1.2083706177227704
2.491181143775082
3.8190404054962803
4.968874822417636
5.762026670954573
6.104786593836617
6.00801909202458
5.581154393603529
5.0021781885789816
4.471192715826135
4.159164541157072
4.164610149519055
4.488924563197784
5.036353287794173
5.638431903897656
6.0966233314757785
6.232396156215057
5.932223652925978
5.176367462545299
4.0444730317084305
2.6968787000397816
1.336634011879881
0.16199631997157216
-0.6785679669779388
-1.117661668021389
-1.1789474071861836
-0.9638204688088132
-0.6187348676929545
-0.29208215890287015
-0.09212305868243487
-0.057088517854369414
-0.14530923991290967
-0.24794676916593472
-0.22095027566842407
0.07221423653347758
0.7184096622558509
1.7245537632985448
3.0075518567593362
4.407600456424649
5.7219967529165014
6.751236887176431
7.345890245906609
7.442357857426881
7.0782807014556495
6.383404719073456
5.547868846551641
4.7756036522424825
4.234356300869751
4.014809460477384
4.109077242882657
4.4140720663697754
4.759034707617941
4.950459669249739
4.823253759821981
4.285347801960146
3.3445549941406165
2.11084893811407
0.7733287150811023
-0.44257498294241904
-1.3271914901440272
-1.7352364284483248
-1.6190846143832165
-1.038628952140102
-0.1454799186171113
0.854396278902352
1.7502183016335269
2.375816210493059
2.6468284757477383
2.576753209700914
2.268333135719095
1.882972741404523
1.5963556461493207
1.551776955035775
1.823101205303397
2.39662588197467
3.1761660321522602
4.009658905062335
4.730061334346329
5.199686756950765
5.346322106989912
5.181672083817635
4.79732224292936
4.339292642788156
3.967854484423359
3.8131596635644947
3.938385345080457
4.3202187232125215
4.852074028936485
5.369574779812362
5.692049109027176
5.669561899309446
5.223438766873723
4.369744450501662
3.2193989922533603
1.9544919764611235
0.7864025858627932
-0.09398624172578607
-0.5615768797060863
-0.5864531374128368
-0.23988154777872184
0.3247673943533119
0.9115803360743735
1.332378350291281
1.4551966416493165
1.238827736440076
0.7447046263319812
0.12300991478703727
-0.423698583225959
-0.6904570997485568
