4.4
8.79684714058521
9.89595399458277
7.5981285977823045
4.083172900644926
1.1357296216502304
-0.22486751902983593
1.0126544666579713
4.700927726015052
8.234737220574297
8.60264317929933
5.806626761417133
2.667045595061781
1.3996440809784365
2.02807775782966
3.86785933046778
6.337263847287323
7.952524450759051
6.820609044359414
3.2756091419342104
0.39159960021470575
0.6801307478902612
3.4816225535265066
6.479854420591993
8.276488594985379
8.329954750976732
6.084639268362112
2.140722046459932
-0.7497316575388151
-0.01470546554948271
3.66469041404783
7.183386449775484
8.502117286635638
7.764183140701136
5.611489704479046
2.6332324225517247
0.47335176928490186
1.1050544976709316
4.180811222995997
6.843310683204859
7.019778569981591
5.466289389341306
3.915606260386845
2.9411126014346554
2.651920282494434
3.681445000233063
5.839574449049857
7.101459455833308
5.80578454812378
3.1074472163128237
1.6037500327187373
2.172365850611095
3.751645552896068
5.49076028442534
7.1185987128717505
7.607788072505097
5.794164186890735
2.635471884883281
0.8626140679051428
1.7647240404080453
3.914835358368517
5.544738171127038
6.40929828941495
6.62217248688388
5.6175861872039965
3.584039027805142
2.3353621938087734
3.1358706630233972
4.7587841226769205
5.231780071159285
4.541184566732672
4.03086332529626
4.046037408604828
4.016557013888436
4.2022214968394795
5.272183116280221
6.38622054710299
5.803695149133651
3.614916513680544
1.9799543108836364
2.2510503239344457
3.5919798848330347
4.877596540969543
6.062608189672134
6.897045909647158
6.230382757623962
3.9367138990363446
2.0211160717575516
2.2804416752289702
3.9584845325446882
5.130074896821803
5.327411542094084
5.235808882223095
4.837469813379281
3.8105109423755152
3.117285374701194
4.062067905728458
5.903019880897457
6.389385155745879
4.843595984000296
2.9327279073905297
2.1677158925986744
2.4654265161697833
3.5286303884655066
5.573115087165732
7.7885227358908
8.011099061951988
5.375826844773445
1.9777891618672558
0.5366547410670075
1.4890008039953417
3.5656316639524963
5.882115269766931
7.79775607342826
7.906056376325539
5.406829367366137
2.0857389393106973
0.8870991546462821
2.4863274090292897
4.896326758740952
6.31142207516891
6.528656536411459
5.642454688331314
3.582804350056199
1.5448493108595445
1.7550434609217813
4.60900107587528
7.549470004155138
7.955220136013433
5.915120490628911
3.2029355699008315
1.0441339154045761
0.23179162534303588
1.8565158989833586
5.814868793749264
9.404833306846209
9.53089313053956
6.1800266743569345
2.1903310221179826
-0.0393147658859716
0.004853340402164674
2.165757383601944
5.8900232622397475
9.079581336520892
9.032865530266804
5.5880066481655275
1.7827037959345076
0.5075725234724191
1.8297619970092098
4.206500223101917
6.520808968031022
7.785801098897041
6.689139505703178
3.36219180042127
0.5281278679795918
0.9403733787921293
4.147811293135205
7.272499083182775
8.342497013890984
7.310397890814407
4.643614131272769
1.1610743170921038
-0.9528718275214734
0.5695479745709395
5.079631746917731
9.02372862337133
9.641946437700588
7.296121057997974
3.863823936362764
0.7612054502305434
-0.6881810650813363
0.908570501693098
5.066737923736673
8.646107163283048
8.807005731997437
6.051132857190822
3.0639376372568865
1.533407731340028
1.580001726959719
3.166914984852143
5.87164531628364
7.745465088462138
6.740539952440381
3.5524750396163025
1.2304392748828088
1.6252718592358322
3.792736947778109
6.032441939998184
7.55543286519283
7.664431638669966
5.493545658973572
1.85640232546164
-0.3275336381341275
0.9622852948484366
4.436448155996305
7.281726270899585
8.206405377448828
7.46112479514737
5.264139901994145
2.1955550425113017
0.2725615096964167
1.3423172092082156
4.47764219725908
6.794774015827876
6.866839943239134
5.690145039053113
4.431864110633553
3.2538526930173752
2.604206807713675
3.4695277938108005
5.441325430987066
6.362325404483607
5.078031834747174
3.1162132672806506
2.5065135623061794
3.2940305626068658
4.415453549415375
5.591398339785444
6.730801479719608
6.682778265339246
4.613476145946998
1.997964065062788
1.2819457206725762
2.806939885331715
4.766806000697946
5.9155619964593225
6.441298915241176
6.307154600380516
4.928527770482032
2.949815502829452
2.2948331996302485
3.5586131731006754
5.003943039591263
5.0820753352698995
4.403880794233395
4.181446254718856
4.287407550761192
4.209333813698827
4.497894344208037
5.569746762294759
6.163741350370758
4.890048593121703
2.6620036007905026
1.741414592195093
2.7580336960282903
4.414350986708458
5.762301654506875
6.807276363908225
6.994387403829819
5.34019705581296
2.5765472789262405
1.171763631745042
2.3338262720697793
4.5483892418836085
5.877525028776595
6.117153426935914
