6.676961077752945
6.917177926030367
7.180051637775767
7.451129114751541
7.715698776943446
7.959685507393734
8.170497971207515
8.337774280782764
8.453978852127236
8.514813248411699
8.519416169997333
8.470341699088415
8.373319511929893
8.236815060352624
8.071420748910912
7.889120031830176
7.702474407470498
7.523787970795046
7.364305196871662
7.233494917535187
7.138467215271422
7.083560625299314
7.070125247343921
7.096513924579065
7.158279459669532
7.2485618654851285
7.358636832820636
7.478585801134071
7.598039964693
7.706945772819536
7.796298303860686
7.858791379333356
7.88933926064579
7.885433823271336
7.847312611817767
7.7779263578664555
7.682708491892509
7.56916295028061
7.446299230035566
7.323954314613015
7.2120490557654655
7.119831303116502
7.055159200268454
7.023875530854567
7.029317965380557
7.0720009324057775
7.149493228229553
7.256502169493104
7.385160981250202
7.525502153488706
7.6660866380483155
7.794747869707099
7.899401423307134
7.968866225377576
7.993641966685737
7.966589811630497
7.883469521588248
7.743295312121548
7.548484543707883
7.30478692332418
7.020996368386308
6.7084620915170055
6.380428842931943
6.051247701988221
5.735507572256445
5.447143015059726
5.198575882228763
4.9999462502067304
4.858482536763743
4.778051764498887
4.758919307726575
4.7977338877053715
4.887738961632014
5.019196949569791
5.179998932319124
5.356420444839533
5.5339745769078235
5.698307395199298
5.836078124849131
5.935767738779549
5.98836451286649
5.9878833817711055
5.931687017994607
5.82058971338424
5.658739489548675
5.453288445533055
5.21387519816944
4.951955464466437
4.680026570429697
4.410798307197329
4.156365662413607
3.9274383386163816
3.7326776870856486
3.5781840366464928
3.4671669087833625
3.399817998720295
3.3733929232713478
3.3824935297175114
3.419528984924151
3.475321834793381
3.539815549117624
3.6028333936266206
3.65483524324571
3.6876193784808393
3.694920353104405
3.6728614039013756
3.620230084626554
3.5385581479323616
3.4320003284679355
3.307020668394318
3.1719084199188474
3.036157445181389
2.9097526010100285
2.8024131906266296
2.722846733333177
2.6780658253534986
2.672816766040079
2.7091611746386155
2.7862415220797283
2.900249042078681
3.044598705825948
3.2103017753675256
3.386512851373332
3.561216224098341
3.7220065462142355
3.8569120429636476
3.9552051294139683
4.008145655624867
4.009606039482481
3.956535017161314
3.8492271549893475
3.6913779375350493
3.4899183356001253
3.2546373280536374
2.997614932184684
2.7325009480682243
2.4736849963703973
2.2354108293293176
2.0308918215939658
1.871484732068258
1.7659752496181063
1.7200217246281608
1.7357933104091305
1.8118261632351738
1.9431072070661446
2.1213801931130774
2.335654352012431
2.572882801412036
2.8187669018422215
3.058634672324151
3.2783367154323977
3.4651021630518963
3.60829999472206
3.7000575048767663
3.7356972701157503
3.7139660506874907
3.6370428436739566
3.5103278693621256
3.342028647299907
3.142572549652186
2.9238864303225567
2.6985923795155453
2.479173791839441
2.2771674314759207
2.1024349448051898
1.9625614735609174
1.862420062971918
1.8039290533420558
1.7860163735076164
1.804790520538198
1.8539039677538622
1.9250817399957327
2.0087768063034535
2.094905509925949
2.173611047198917
2.2360013648882138
2.2748098731167326
2.2849329226298662
2.263806687279152
2.2115973293571933
2.1311913390743076
2.0279868423584566
1.9095005156640745
1.7848175890437616
1.6639233836399188
1.5569631682582092
1.4734822606817932
1.4216998880549316
1.4078682425797253
1.4357625578065736
1.5063392603205186
1.6175879095223917
1.7645894874655004
1.9397795281702963
2.133400532544063
2.3341150522144187
2.5297396305771493
2.7080512257294522
2.857612395910187
2.968559776559241
3.0333023514033752
3.047081600330774
3.0083544339385115
2.918971319439728
2.7841354056809244
2.612142877194016
2.4139192489672054
2.202379889201654
1.9916548193524108
1.7962270010218178
1.63003926159334
1.5056273320884324
1.4333350093828683
1.4206623000520904
1.471788890041065
1.5873039720960447
1.7641600970406448
1.9958541780512786
2.272824029760271
2.5830348410903197
2.9127176861630857
3.2472123829790633
3.5718603599228587
3.872890121207905
4.138238611529123
4.3582562135331795
4.526250967843245
4.638838355734413
4.696075908948559
4.701376146009054
4.6612059306709055
4.584594334724106
4.482483536051193
4.366967370282954
4.250469217010678
4.144914479594072
4.060952785750626
4.007281217915302
3.9901126483777647
4.012823103381997
4.075799706157447
4.1764969922944095
4.309695183883839
4.4679403113755605
4.642133807578196
4.822229191397223
4.997986380515394
5.1597304939741875
5.29906196865275
5.409468412514739
5.486795600773097
5.529544908563156
5.538976588827571
5.5190118199526585
5.475940442749174
5.417954826847327
5.354542430832125
5.295779521258008
5.251575516164841
5.230921038111773
5.241192748009599
5.287564378024996
5.372566329936159
5.495826225459697
5.654010557170357
5.840973916671592
6.048108093295126
6.264869601069682
6.479451835280687
6.679557923166186
6.853223109188232
6.9896317025331225
7.079873483426683
7.117588039069029
7.09945255421321
7.025478656179069
6.899096346198673
6.727017015586287
6.5188821187055765
6.28671828465357
6.044232547663531
5.805992099679585
5.586540797978293
5.3995090683510725
5.256774529582508
5.167727574570507
5.138689475467077
5.172520770920922
5.268445388400187
5.422101965532197
5.625819085561576
5.869096608245794
6.13926191935737
6.422258621740112
6.703516693800762
6.968848005953689
7.205309646606211
7.401979855527684
7.550597330935159
7.646023863796408
