6.718850635335378
6.561670935258337
6.396493224473238
6.2328675176088915
6.079974766708754
5.946050027953999
5.837872465556963
5.760355014164989
5.716259808096782
5.706057072315669
5.72793561768905
5.777963027852387
5.850383735193313
5.938034115180406
6.032846081732308
6.126404946117137
6.2105238834050915
6.277796455216585
6.3220903183394395
6.338949386826008
6.325878027824687
6.282488931399478
6.210505558715416
6.113619918386183
5.997216186728288
5.867979719608945
5.733418696928942
5.60133148127612
5.4792563702692245
5.37394153852754
5.2908715274856135
5.2338827481310854
5.20489437648808
5.203773154548245
5.228341490077572
5.274528491010891
5.336653830626501
5.407825273991544
5.480422915004458
5.5466372016601255
5.599024068886964
5.6310392093491854
5.637514783582128
5.615045620874097
5.5622579443596125
5.47994147094361
5.371034868580478
5.2404643909249975
5.09484539508698
4.942065720431237
4.790777943159311
4.649833782250805
4.5276979942307385
4.431880680064056
4.368425924721854
4.3414911583528415
4.353045795787029
4.402709960093691
4.487744936232489
4.603197037137382
4.742186455964338
4.896323094512423
5.0562229349839125
5.212091820181491
5.35433897250505
5.474180518170994
5.564193830052285
5.618786627783292
5.634550273937917
5.610474219503114
5.548007586386792
5.450963834405478
5.32527468881681
5.1786093278378
5.019883600359405
4.858691184555441
4.704693638570106
4.5670089042853155
4.453637834564178
4.370965725678284
4.323370824033959
4.312964674181242
4.339480455685079
4.400315698499862
4.4907256167470235
4.60415343100407
4.732675111543844
4.867528558735267
4.999691829442193
5.120471972980677
5.22206555279241
5.298054025951396
5.343801685668367
5.356730534009141
5.336454793920066
5.284767231168503
5.205479404217803
5.104127728388454
4.9875661780641245
4.86347396191873
4.73981209213011
4.624266059691023
4.523712608574814
4.443746824218224
4.3883015403322645
4.359384709040674
4.356952302902835
4.378925068310348
4.4213476510346394
4.478678925793452
4.544193434374007
4.610466271595162
4.669908064244768
4.7153132486003315
4.7403838995384895
4.740192964093502
4.711554798963758
4.653277135019285
4.566276576251999
4.453548951302655
4.319995655398039
4.1721168904108525
4.017591774482519
3.8647730402819698
3.7221299497747533
3.5976767228435182
3.498424955856941
3.4298971090436696
3.395734254988398
3.397425157839253
3.434175796745828
3.5029291835474035
3.598535367878311
3.7140615340903893
3.841222738513007
3.970905736486292
4.093752047747042
4.20076232896008
4.28388253945423
4.3365334111543685
4.354048304009319
4.3339904126657895
4.27632810374607
4.183456392534417
4.060062605476556
3.9128444588391713
3.7500984420933943
3.5812048893127355
3.4160428919492563
3.26437280443903
3.1352262163643343
3.0363427712059
2.9736901348568825
2.9510979606232803
2.9700292222501328
3.0295032867485525
3.1261751691356943
3.2545652073829685
3.407423591212679
3.576205419132467
3.75162482059655
3.9242516327205426
4.085111492820034
4.226250167728319
4.34122548516309
4.425495186794057
4.476676052990948
4.494658284203267
4.481568786546225
4.441587055240717
4.380627110595926
4.305907768964283
4.225440840606701
4.1474721549392095
4.079913272662711
4.029802162540964
4.002828976643782
4.002958501310441
4.032174202375958
4.090360472770391
4.175330288627875
4.282995618937561
4.407668275858139
4.542470086056519
4.6798238981028195
4.811991510238221
4.931621469879707
5.032269069923461
5.108852787963854
5.158015752804388
5.178367285826061
5.170587718071064
5.137388979016186
5.083333264897455
5.014521763096969
4.938174283712046
4.862128131958662
4.794290140293952
4.7420790885337984
4.711896547346608
4.708662426248389
4.73544730400497
4.793227243690469
4.880778668902911
4.994721541909514
5.129709160725605
5.278753042666915
5.433662245347248
5.585568703320666
5.725504251989574
5.844991368980952
5.936608535711064
5.99449259014294
6.0147444150056035
5.995710526415501
5.938121188486414
5.845075049760171
5.721870358937461
5.575692905397063
5.415180276612923
5.249890203692056
5.089707134973887
4.944225312394261
4.822148250082927
4.730743519313022
4.675388191652464
4.659234415384005
4.683016785227596
4.745013926679738
4.841166662661538
4.965344924303747
5.1097458822249875
5.265397247607866
5.4227328849045024
5.572203237236733
5.704880895016367
5.813022077870359
5.890547816674115
5.933414012929445
5.939846956553326
5.91042980721433
5.848035395518326
5.757610824928407
5.645829082559909
5.520631553659257
5.39069240757534
5.264840817457876
5.1514795658014725
5.05803860776773
4.9904996196709615
4.953022627454368
4.947698824435623
4.974445120243122
5.031046389465585
5.113341450946332
5.215539171917441
5.330642399143408
5.450950251646842
5.568604143367968
5.67614008169078
5.767009494303595
5.836033087986589
5.879756883836806
5.896686289385104
5.88738240543544
5.854414162251205
5.802169703135239
5.736540022294732
5.664496572784819
5.59359180295492
5.53141686813121
5.485053741173448
5.460559408861703
5.462517757104191
5.493690253841034
5.5547899331225565
5.64439490789004
5.7590082456833755
5.893261159614767
6.040246758847629
6.191962720220045
6.339833783050797
6.475279435865464
6.590288932160979
6.677965064633789
6.732999997611841
6.752050787854774
6.7339887321782035
6.680004938534479
6.593563979850402
6.48020753045276
6.347219837059469
6.203176078507064
6.057402507749219
5.919383222831921
5.798152081571612
5.701709409629463
5.636501673363307
5.606998290192192
5.615393490323596
