7.0606269089667935
7.140264839138867
7.225680840788644
7.3123471582522255
7.395709288155125
7.4714543519811585
7.535761614765143
7.585519492577443
7.618495650308046
7.633449913764178
7.630183497746193
7.609522233146936
7.573235783712608
7.523898991796734
7.464705208520222
7.3992445031115075
7.33126181054321
7.264411226541237
7.202022723354465
7.146896539775702
7.10113846867097
7.0660463659010375
7.042054634916714
7.028739444641433
7.024883285532808
7.02859344055218
7.037465315516655
7.048778580829177
7.059711923916156
7.067561041672738
7.0699443909074855
7.064982166510004
7.051435924193579
7.028799072229699
6.997331931488041
6.958038967156817
6.912589861624626
6.863190048139274
6.812409888893244
6.7629846151350375
6.717599249424306
6.678673856155749
6.6481645369989915
6.62739459546662
6.616928304041799
6.616496850592599
6.624982509565886
6.640463115234776
6.660314776829123
6.6813667486918655
6.700098726048258
6.712867826896761
6.716150349489819
6.706782213663362
6.682181887665567
6.640540583029551
6.580966508429771
6.503572880303078
6.409503003674462
6.3008898234523105
6.180751634552976
6.052829844401559
5.921378524115082
5.790918708799652
5.665972797114538
5.550795794683984
5.4491204498623755
5.363932520678893
5.297290539141385
5.250201624555402
5.2225613246759055
5.21316136624489
5.219764843491187
5.2392440501907185
5.267772151656126
5.3010564605021075
5.3345984489387215
5.36396397226925
5.385046600316883
5.394307491239525
5.388976857349639
5.367204655671116
5.3281515137416955
5.272014848093256
5.1999893862622475
5.114165580848765
5.017373423029699
4.912982658088801
4.804673147695699
4.69619093449108
4.591106328347681
4.492590005076968
4.403221715076382
4.324843840309665
4.258468876257522
4.204246167488707
4.161489146318695
4.128760190098714
4.104006303273972
4.084735408765637
4.068220329125733
4.05171573191426
4.032672525364809
4.008934470075292
3.9789030982375655
3.9416593110397233
3.897033100085518
3.8456164989033055
3.78871886525413
3.7282676507957784
3.666661654389721
3.606587116235127
3.5508096617321465
3.501956864118925
3.4623069414033307
3.433598782437973
3.4168771279745114
3.412384405100338
3.419507582669601
3.436784691035823
3.4619715821449364
3.4921653703374096
3.5239770699879545
3.5537424999671687
3.5777577920985415
3.5925240093485753
3.5949845775132787
3.5827395210424724
3.554221855926412
3.5088238446988242
3.4469640084794966
3.3700896099573168
3.2806135179689395
3.181788661524954
3.077527393899069
2.972176742299907
2.8702634719620757
2.7762249474849496
2.6941427904046864
2.6274962403306796
2.578950930810192
2.550196566841624
2.5418438832037467
2.5533874746497967
2.5832368687991516
2.6288138371712937
2.686709696456975
2.752892519243132
2.8229510021832125
2.892359437307046
2.9567469484316318
3.012153971581442
3.0552598851627515
3.0835676681373974
3.095534349314954
3.0906396147296213
3.0693890223395752
3.033252562366607
2.9845435129368068
2.9262463957871065
2.861806081755274
2.7948925181251343
2.729156992755031
2.6679962222725164
2.614339834292283
2.570475060365025
2.5379197901178676
2.5173517415009687
2.508597609228604
2.5106819280611106
2.5219313089869875
2.540125950099728
2.562687142970852
2.5868871030505076
2.610066008727581
2.6298407333226406
2.644290421833837
2.6521057517087945
2.652691307222394
2.646213812055033
2.6335927772154384
2.6164341707024295
2.5969117243856825
2.577604188317804
2.561299970086898
2.5507829422095876
2.548614602119991
2.556928129020546
2.5772491722210855
2.610356471546666
2.6561927664009106
2.71383307248874
2.781513520500329
2.856719820645253
2.9363303196062724
3.016804829722079
3.0944071914638234
3.165447099633595
3.226525249039877
3.2747654409235922
3.3080179705780983
3.3250203497082547
3.325504093698711
3.3102397502370833
3.2810163358106728
3.2405556176097523
3.1923659479397886
3.1405443432539655
3.0895389353969027
3.043886579463943
3.0079421028402944
2.9856163085721192
2.980139359114805
2.993864593390222
3.0281252725620798
3.083153374821409
3.1580655877563046
3.2509173390852095
3.3588213454305937
3.4781230306499133
3.6046215407577415
3.733822198925722
3.861204289493915
3.982487160782324
4.093877849192342
4.192284734428714
4.275484048043248
4.342229218949702
4.392296838266283
4.42646720830892
4.446441728555314
4.45470348054097
4.454331032354268
4.4487784509730135
4.441636593308504
4.436391810381262
4.436198177960841
4.443678268429521
4.460765381848987
4.48859720511839
4.527467269303237
4.5768365722561555
4.635403598508095
4.701226981118096
4.771891479994007
4.844705038526037
4.9169126205954194
4.9859114604157675
5.0494523482466445
5.1058126238853365
5.153928583379887
5.193477882319815
5.224906043889254
5.249395110348306
5.268776543986312
5.285394409778817
5.301928388349921
5.321189033381478
5.345899705226307
5.378480642351348
5.420850601308218
5.474260402938238
5.539170638171649
5.615182849089226
5.701029906005495
5.794627290330859
5.893182835840295
5.993358458406858
6.091473788796375
6.183738660827223
6.266499301059954
6.336481962370842
6.391017721709836
6.42823322924423
6.447194286261584
6.447992108311681
6.431765803944618
6.4006587269060695
6.357710668657177
6.306692063587467
6.251890202372187
6.197860635369227
6.149159285195796
6.110072118981992
6.084359465945357
6.07503118699675
6.08416696591163
6.112793122081578
6.160823730641202
6.227069713800487
6.309315208052747
6.404456201766778
6.508692459347839
6.617760362385827
6.7271917263096785
6.83258206027581
6.929851230456841
7.015480092859252
7.086708337833464
7.141681420343539
