6.849545229965457
6.7081973346375365
6.550018770212144
6.384571632125431
6.221623762501629
6.070526912682946
5.939626710482899
5.835742883161599
5.763753397010578
5.726309163461072
5.7236972014857175
5.753860224601747
5.812570202563804
5.89374322955832
5.989873694541009
6.092557917243319
6.193071605451099
6.282962089018602
6.354615515213357
6.401761093129055
6.419878917255586
6.4064845767946
6.361272213322877
6.286107351453229
6.1848710415755335
6.063166930799224
5.927912138385318
5.786840631781074
5.6479536533014105
5.518955243202483
5.406711809561054
5.316772951305895
5.252986469121888
5.217233991555251
5.209305343150933
5.226920251482163
5.265895877051539
5.320448640132356
5.383609590609537
5.447724746961624
5.505005949898508
5.5480942351905895
5.570596771353277
5.567560099224455
5.535846641214899
5.47438793558899
5.384296360275272
5.268826682616034
5.133188961361045
4.984224447679589
4.829965499212702
4.679108501078388
4.540434838535701
4.422218674918751
4.331661399548037
4.274391041959693
4.254060799280649
4.272074364827654
4.3274574054777295
4.416884867550687
4.534863440360485
4.674058164603333
4.825742531301935
4.980343122257825
5.1280434518763505
5.259407613280963
5.365982883806199
5.440841707210562
5.479027362323599
5.477873894675424
5.43717911457524
5.359219106629758
5.248603111646325
5.111978140124061
4.95760255926253
4.7948165056885195
4.633443741800852
4.483164045668865
4.352897106711136
4.250238068601403
4.18098137461118
4.14876366352849
4.154848532258824
4.198066554779297
4.274913655977929
4.379800469729927
4.505435361007678
4.643315023888521
4.784289563093722
4.919164189454638
5.039297423081774
5.137156145134202
5.20679093319231
5.2442006423639285
5.247562777797451
5.217315330444164
5.156085800365445
5.068473433221128
4.960700552900946
4.840157624721103
4.714873742837127
4.592949130966549
4.481988652007385
4.388575082626411
4.317818044831251
4.273009196289893
4.25540692647038
4.264164887194105
4.296408809654895
4.347455895272046
4.411161303842405
4.480367560809626
4.547425655511678
4.60475168165833
4.645380413708734
4.663477385461327
4.65477382945432
4.616894060026571
4.549552186934872
4.454603937288673
4.335949240641336
4.199291427569452
4.051768715964078
3.9014824458153976
3.7569536759278694
3.6265447876130965
3.5178853061768454
3.437341071861651
3.3895631666955874
3.377147809529848
3.400431112047842
3.4574336309419498
3.54395965406793
3.6538457904648554
3.7793433910428216
3.9116102833143467
4.041279868732083
4.159070307143325
4.256393661119277
4.325924689992681
4.36209148750709
4.361455186442155
4.322953177704027
4.247989232287551
4.140363979069265
4.0060497107251125
3.8528237643235546
3.6897840682336343
3.5267782403347296
3.3737833447020993
3.240276683457943
3.134638599241155
3.0636261517077634
3.031951849285921
3.041994677037391
3.093661925320873
3.1844103739194756
3.3094248848819072
3.461942103321457
3.6336974471814973
3.8154655164538416
3.99765800284987
4.170939531600905
4.326820856262127
4.458190516912174
4.559750343259099
4.62832674578336
4.663038146367948
4.665308588277363
4.638727882540349
4.588768901502536
4.522382133787406
4.447495732937169
4.372455483507803
4.305442962582197
4.253911438489252
4.224077643460472
4.220503584112128
4.2457962867126815
4.300445240898007
4.382807858628402
4.489243145297378
4.614383672116495
4.7515265267122375
4.893115838127692
5.03128326850824
5.158408954888288
5.267664033611738
5.3534971769804836
5.412031427722901
5.441343769859256
5.441607907305222
5.415090089769802
5.365997894420466
5.300191959030968
5.224780083903564
5.147621236289585
5.076773250504597
5.019921992554745
4.983831176759201
4.973850782790307
4.9935182032392005
5.044280106872952
5.125354941102034
5.233746558611832
5.364409271091101
5.5105543921322235
5.6640787214671064
5.81608709231132
5.957474616433617
6.079530058524162
6.174520140773914
6.2362156364220285
6.260323793346569
6.244797695459012
6.190001220426503
6.098717753267752
5.976001134923084
5.8288777755690795
5.665918747100418
5.496709327645367
5.331250324178425
5.179330088159094
5.049908155313014
4.950550747282989
4.886955013699449
4.862593089874556
4.878499182512028
4.933213495656286
5.02288649623248
5.141536478417821
5.2814433192142145
5.433652392658152
5.588555419354939
5.736510047722812
5.868457521987579
5.976498048468013
6.054386404795022
6.097915746595306
6.105165087954088
6.076595060239112
6.014986676626863
5.925228269404603
5.813965826202934
5.689140958738344
5.5594480939374336
5.43374769460471
5.320475051380879
5.2270842629492185
5.159564439287699
5.122060103555605
5.116620578257779
5.1430943094935735
5.199174207739864
5.280589832289251
5.381432310942431
5.494588936288383
5.612257017005301
5.726501281385757
5.829816284053481
5.915655044255258
5.978887556585623
6.016157696034483
6.026114055752075
6.009498930759649
5.9690894050226575
5.909494651782734
5.8368234292593755
5.758244676174784
5.681471478534698
5.614203990189533
5.5635697831340725
5.535600380714841
5.534780366006704
5.563700614943013
5.6228402035008305
5.710492850603537
5.822843968164488
5.954194156819393
6.097315001161774
6.243913956809885
6.385177597354895
6.512357013591555
6.617356104768644
6.693283083861983
6.734927771151986
6.739132028328615
6.705027674633765
6.634124963802916
6.530244604258019
6.399296714340538
6.248920323529225
6.0880063753142695
5.926135030906369
5.772963887970299
5.637607122744479
5.528046306231497
5.450611681549483
5.409568146654695
5.4068333634818915
