5.575182375829645
5.596819851814539
5.610147721726843
5.614687626345555
5.610363489980253
5.5975027032453255
5.576815452218874
5.5493534215295695
5.516450265142582
5.479647266234093
5.440608437599555
5.401029899006585
5.362548674417855
5.326656062799229
5.2946204510990835
5.267423873822896
5.245715813416882
5.229786726581058
5.219562632267803
5.2146208741495474
5.214225944610643
5.217383099773661
5.222906472630942
5.229497563049947
5.23582939698404
5.240631336314872
5.242769503039787
5.241318057637733
5.235617124989789
5.22531395969263
5.2103849392798285
5.1911371105613915
5.168189224699216
5.142433410183615
5.114979778821744
5.087087271385053
5.060084867691472
5.0352878628538225
5.013914213449399
4.997005966663113
4.9853605012371895
4.979475747585416
4.979512748076193
4.985277913876648
4.9962261900463165
5.0114851221195575
5.029898595904885
5.0500878685839306
5.0705264904745295
5.08962489234034
5.10581983100009
5.1176635803456705
5.123907743883377
5.1235768497022915
5.116027453378726
5.100989286587584
5.078586002613252
5.049334226379997
5.014120849599465
4.9741597502416015
4.930930288487715
4.886100971083699
4.841442522692966
4.798735207680168
4.75967557389745
4.725787822597523
4.698344743701442
4.6783026085859785
4.6662536148677916
4.6623984753279295
4.666540593897601
4.678102041713663
4.696160306463524
4.719503609913077
4.746701539389553
4.776186879307388
4.806343907827353
4.835598076849664
4.86250194031658
4.885812438807503
4.904555173091018
4.918072074820528
4.926049863608364
4.928527809122571
4.925884528921341
4.918804777047091
4.908228343875554
4.895284226758284
4.881214083400244
4.867289596342662
4.854728721769216
4.844615849303347
4.837830658632172
4.834989937889341
4.836405858235162
4.842063223964928
4.851617094620244
4.864410970426378
4.879514515174738
4.895778632373367
4.911904678659126
4.926523753341431
4.938281393950553
4.945922670528409
4.948372626096178
4.944807260302367
4.934710783624896
4.917915650293747
4.89462286438546
4.865401188427876
4.8311651017843005
4.79313258662504
4.752764991203335
4.711692265516108
4.671627722585926
4.634277099655293
4.601247041304135
4.5739581804152625
4.553567749503748
4.540906127843244
4.536430949097459
4.5402014044854635
4.551874234640196
4.5707216748280795
4.595670373669132
4.625359116458887
4.658212118985565
4.692523777563933
4.726550116409324
4.758601801404298
4.787133511002694
4.810824674767205
4.8286470949585905
4.839915727363773
4.844319870106265
4.841933137280765
4.83320181271748
4.818912417673596
4.8001405133377855
4.778183826323136
4.7544836714069385
4.730539299780101
4.707820185594169
4.687681356866933
4.671286673934121
4.65954447187235
4.653059241357787
4.652102068718703
4.656601446178649
4.666154862165919
4.680060359031292
4.697366072712314
4.716934714021108
4.7375190756425845
4.757844003500683
4.776689893383517
4.792972685553865
4.8058155366166195
4.814607837148004
4.819047987059869
4.81916729514095
4.81533347917464
4.808233443910542
4.798836236080949
4.788338247456674
4.778093790345691
4.769535043492921
4.7640860089704855
4.763075494641386
4.767654219970262
4.778720930018792
4.796861905235557
4.82230750144926
4.854908388472214
4.894133032452514
4.939086751268631
4.9885514339477615
5.041043825782228
5.094889209222614
5.148306418706088
5.199499466970666
5.24675066943283
5.288510054652822
5.3234760487084625
5.350662908168834
5.3694511224709105
5.379617969068731
5.381346528475634
5.375212686690422
5.3621508993572595
5.343400693708489
5.320436971851404
5.294888089861142
5.268446369217245
5.242776111376101
5.219424309178753
5.199739073647462
5.184800332020819
5.175366629698583
5.17184092721059
5.174257178058454
5.182288268379358
5.195274664618038
5.212271922192648
5.232114125452065
5.253489419531109
5.275023110422117
5.29536338999648
5.313264611752464
5.3276632079076105
5.33774178910678
5.342977677918162
5.343173054850546
5.338464986646255
5.329314797422729
5.316477464419512
5.300952900484075
5.283922056214272
5.266671673460746
5.250512196270517
5.236693755953265
5.226325269728755
5.220301520042348
5.219242623939968
5.2234495852818625
5.232878688510606
5.247136395294367
5.265495208286808
5.2869297389624625
5.310171030296172
5.3337761089327325
5.356208838097086
5.3759274645334685
5.391473839932101
5.401559173986168
5.405141350065534
5.4014892959537795
5.390230624982147
5.371379705877908
5.3453444286371585
5.312911145007838
5.275208506044451
5.233652124055587
5.189873082697521
5.1456342437764055
5.102738999180949
5.062937550900638
5.0278359462006526
4.998812940369
4.976949314889278
4.9629735699979785
4.957226978163404
4.9596498827536015
4.969789917494972
4.986831576820209
5.0096453565113555
5.0368535777585866
5.06690906940668
5.0981821665417835
5.12905102963435
5.157990122953368
5.183651822975367
5.204936548906416
5.221047493377133
5.231526941749906
5.2362722502436485
5.235530743319747
5.229874020352252
5.220153359183743
5.207439000324626
5.1929470268085804
5.17795826720697
5.163734101899364
5.1514342193765845
5.142041240710772
5.136296714112046
5.134652302149912
5.137239081474802
5.143856801425864
5.153983766363176
5.166806785802943
5.181269447633311
5.196135882170357
5.210066262034966
5.221699578697175
5.229738792271081
5.233033292901203
5.230653749414219
5.221954846214897
5.206622098354485
5.184699847645073
5.156598626954911
5.123081272732709
5.085228398348687
5.04438504161683
5.00209139925374
4.960001495211756
4.919794344471491
4.883082627311841
4.851324054678656
