7.040538644422232
7.118005766155557
7.202709445772854
7.290155841921924
7.375726406369538
7.454951391040994
7.523771541884249
7.578771531921733
7.6173706030769575
7.637958745400328
7.639970351597596
7.623891403326165
7.591200599363586
7.5442491353612535
7.48608780578487
7.420253459538104
7.3505293812172114
7.280695724974336
7.214286598982754
7.154369759737477
7.103363175516395
7.062900076847742
7.033750711115778
7.0158050911894945
7.008116841488943
7.009004083069083
7.016199443364756
7.027037985926822
7.0386693515079
7.048278851124437
7.053301756135417
7.051615620071436
7.041697098356089
7.022732290962518
6.994672942373684
6.958234665099071
6.914837444248919
6.866492750610127
6.815645359185124
6.764981180595327
6.717214843466828
6.674872249233863
6.640083753407861
6.6144029773742785
6.598664563944685
6.592891570851171
6.596259825123232
6.607122665365698
6.623095342109169
6.641194210821931
6.658022019443322
6.66998732438293
6.673543590431188
6.665432012951423
6.642911652765747
6.60396113128163
6.547437857296941
6.473183437323473
6.382067383268878
6.2759652469267655
6.157671614061413
6.030752695901766
5.899347275514511
5.767928231932403
5.641039543410855
5.523025381951791
5.417768537458318
5.328454906670351
5.257379179496715
5.205804256720856
5.173883507832188
5.160650950503475
5.164080068719914
5.181207572025204
5.208314224457672
5.241151213245924
5.275197624739655
5.305932638669503
5.3291051691002345
5.340983927500881
5.338572241360473
5.319774338237669
5.28350304015928
5.229722690337887
5.159425394596096
5.074543020190329
4.977801565599621
4.872528220442853
4.762424431048012
4.651320378473235
4.542927327236374
4.440604249900635
4.347153984405656
4.264662020398252
4.1943879882065485
4.136716247285475
4.0911678909840585
4.056472278678385
4.030692159575884
4.011392838080925
3.9958428917341053
3.981231886224937
3.9648894750655783
3.9444902926753618
3.918230144049011
3.8849610841905293
3.844275920893743
3.79653626241781
3.7428422204761964
3.6849459949572556
3.625115527605053
3.5659579457832935
3.5102153817074226
3.460547749918056
3.419318057906129
3.388395741596009
3.3689923618522832
3.3615418462758693
3.365634456188668
3.380010004038314
3.4026117883321025
3.430698526540011
3.4610075356258463
3.4899588097349232
3.513886721600568
3.529284029998942
3.5330418530114884
3.5226693404683824
3.4964779496799827
3.4537174235270034
3.3946536471847804
3.3205823174877405
3.2337765491575836
3.1373708869878727
3.0351884035224677
2.931521356801538
2.8308790083032958
2.7377184471599723
2.656175481019819
2.5898127528288484
2.541401216588564
2.5127490188339268
2.504588821694776
2.5165308650153326
2.5470848446254903
2.5937492591297415
2.6531625398053724
2.7213063129473047
2.793747812086584
2.8659059776705433
2.933324316116318
2.9919332333362014
3.038285330945323
3.0697490024931655
3.084648467017361
3.082341939957833
3.0632337287289584
3.0287203795160713
2.981075304625375
2.9232803007441217
2.8588157648634724
2.7914240033374735
2.7248616422407115
2.662657681314802
2.607893159372812
2.563016760454336
2.5297081029120374
2.5087970968771307
2.5002438592356233
2.503179504925462
2.5160039721981056
2.5365331691125217
2.562184410075842
2.590186567765058
2.6177997672444824
2.642528901064254
2.6623157806247675
2.675696320466149
2.6819116678130026
2.680965465729473
2.6736232491400123
2.661354057040964
2.6462184212811297
2.6307106826540876
2.6175668285214244
2.6095515196902572
2.6092395069715644
2.618807122787732
2.6398489345904195
2.6732330025771613
2.719005603337295
2.7763529366057753
2.8436234495497863
2.91841025440164
2.9976889626995646
3.078002395285262
3.155680315304872
3.2270797990896454
3.2888302824119187
3.3380668088704772
3.3726356032297056
3.3912577612414077
3.3936394824103564
3.3805207016664167
3.3536579744393884
3.3157417727837792
3.270252672316588
3.221264963004447
3.1732097305622062
3.1306121939365807
3.097819863616832
3.078738784349529
3.0765946948559892
3.0937344019772075
3.1314801262982974
3.1900461965788627
3.2685234729387096
3.364932526541617
3.47634218294378
3.599045838359734
3.7287842590788984
3.8610006171897866
3.991111494338807
4.114776630959701
4.2281503718356825
4.328099045699775
4.41237082869996
4.479707822947738
4.529893918655102
4.563736245123215
4.582982369790996
4.590179586426591
4.588486366455366
4.581449085311184
4.572759279748537
4.5660078038634895
4.564452262298538
4.5708130139132
4.587110936734348
4.614557171933937
4.653501425607669
4.703441351056211
4.763091337185854
4.830504975257874
4.90324184065217
4.9785662536479025
5.053663573002161
5.125858468930507
5.192819590219854
5.252736082755968
5.304453459860671
5.347559226730298
5.382412221917113
5.4101136135029
5.432421603616472
5.451615869909706
5.470321333759874
5.491303747598534
5.51725163782657
5.550560183456594
5.59313258002898
5.646213332560648
5.710265812523643
5.784903442673911
5.868880239455485
5.9601423907247835
6.05593835075927
6.152980879604894
6.247650815828875
6.336229399458575
6.4151438599714545
6.481209899315195
6.531854710717617
6.565305285654946
6.580728904947066
6.578315747155752
6.559297279471975
6.525898277064957
6.481224669567462
6.429093648769169
6.373816307438667
6.319946259114665
6.272009999366728
6.234236054461469
6.210300135484665
6.203102560502556
6.214592184909902
6.2456481222314775
6.296026838044009
6.36437800143448
6.4483280577497135
6.544626134356162
6.649342894172845
6.758109572674037
6.866381894563278
6.96971203221694
7.064011338248472
7.145787284735074
7.212339822356615
7.261905112889042
