7.248727954906695
7.216729459977827
7.182928245893796
7.150087055613454
7.120899452976925
7.097775637391289
7.082645501290453
7.0767932652821095
7.080735932999953
7.094154858786617
7.115886114521096
7.14397132042593
7.175766440611847
7.2081020200050805
7.237484729163359
7.260327134270129
7.273190524484265
7.273024553437371
7.2573874641360545
7.224631772045376
7.174042411454141
7.10591736805525
7.021584528708116
6.9233526333518665
6.8143985390947055
6.698597215353999
6.580304701134276
6.464107416266
6.35455351550253
6.255883252496931
6.171775491913233
6.105126557640521
6.0578755930340495
6.030887665566621
6.023902165399937
6.035549866515589
6.063437614668594
6.1042952679533915
6.15417552830058
6.208693927591546
6.26329369147237
6.313518663217728
6.355277028665942
6.385079267959739
6.4002355226414815
6.399000288319329
6.380655841115639
6.3455298468710675
6.2949469166465075
6.231118174058848
6.156976904722309
6.0759718015397794
5.9918319760411
5.908319602876234
5.8289866940560335
5.756952025403446
5.694712697686142
5.644002318031226
5.605704506205691
5.579826589918962
5.565534214991123
5.561243440685499
5.564762998589647
5.573476027313121
5.584547980807524
5.595145719693152
5.602652143849753
5.604861151413371
5.6001391817528
5.587542014627412
5.566878687385858
5.538718137138231
5.504338218163864
5.4656208091278575
5.4249005313622565
5.384777887447433
5.347910172750604
5.316795136115517
5.293562956656598
5.279791618823618
5.276359237888977
5.283344414209036
5.299982442816004
5.324681394134368
5.3550979694281
5.388268899695866
5.4207897802632345
5.449029879822904
5.469368862241253
5.478439692132876
5.473361378764948
5.451945694682181
5.412863559205288
5.355759304173233
5.281304375786029
5.191185953119487
5.088030221479878
4.9752643448697444
4.856925249885898
4.7374268917770195
4.6213004837099545
4.512924043226201
4.416258417967944
4.334606639032918
4.270412032165462
4.225108085105192
4.199029781854652
4.19139218636384
4.20033774679187
4.22304938027568
4.255922176932315
4.294782808033809
4.335142683347098
4.372468775617088
4.402454954637832
4.4212767181402155
4.425813366429689
4.413823863142046
4.384065708014437
4.33634991302983
4.271529369804192
4.191422244824326
4.098676251970575
3.9965834504363404
3.888858350886506
3.7793943787236386
3.672014994510892
3.570235930030218
3.4770540595147095
3.3947764580794413
3.3249003407048616
3.2680510219626147
3.2239810315802906
3.1916293359886727
3.169235534404018
3.1545001950678238
3.1447794218620415
3.13729949936025
3.1293762042606668
3.1186231750120257
3.10313460894795
3.0816294442287067
3.05354695073619
3.0190871086874576
2.979193058540222
2.9354769927970255
2.8900948493867302
2.8455787839787123
2.8046393967042373
2.7699518612406937
2.7439413010339133
2.7285828948162347
2.7252312597213555
2.734491716241921
2.7561432148589744
2.789119189333879
2.83154863368116
2.88085554740725
2.9339108386646315
2.9872270937620513
3.0371835658315103
3.080266515795049
3.113308809806218
3.133712527510085
3.1396392808462625
3.130154926153833
3.105318245519449
3.066206787574321
3.014877155198203
2.9542613365471366
2.8880049101083514
2.8202568317557373
2.75542377261046
2.697904401786758
2.651820433720349
2.6207615876995707
2.607560812124891
2.6141142571010207
2.64125765674538
2.6887071910028655
2.755068770937398
2.8379153021948116
2.933927117006728
3.039086712611188
3.1489154595880953
3.2587372753407293
3.363952570360838
3.460305177547498
3.544125505013749
3.6125347731473862
3.663597797723376
3.6964151883849583
3.7111498185463634
3.7089867235941645
3.692029913909029
3.6631436613264454
3.6257493638226275
3.583591880915524
3.5404910802613516
3.500095126225348
3.4656517268379203
3.4398121635148122
3.42448055720911
3.4207176394377394
3.4287045150600326
3.4477677831952738
3.4764632025239695
3.5127111297373323
3.553973491439169
3.597459302871892
3.640343904500123
3.6799862711210474
3.7141290093986874
3.741066977027302
3.759772737038234
3.769970145814267
3.7721510504993647
3.767534088055376
3.75796865874488
3.745791011654575
3.7336427641176693
3.7242648483445517
3.720281653456199
3.7239908865555855
3.7371743588426805
3.7609435313898008
3.7956313210604105
3.8407385268166565
3.8949395020771047
3.9561476224929106
4.021636957012854
4.088212625137712
4.152418882765447
4.210771259041318
4.259997255296719
4.29726934194696
4.32041430816468
4.328084416804998
4.31987820535022
4.296401997589703
4.259267038721574
4.211021384325048
4.155019981310695
4.095240489638976
4.036056032635418
3.981978987050906
3.937391934511518
3.9062828567884558
3.892001500971214
3.8970525737984447
3.9229391274865844
3.9700663212807834
4.037711891177901
4.124065387283773
4.226333824662039
4.340907129412044
4.463572927407371
4.589767070556116
4.71484403138282
4.83435006907721
4.944281958124725
5.0413150795479975
5.122986735777049
5.187823524825005
5.235405299126505
5.266362393502109
5.282307159118805
5.285705097806867
5.279694772577857
5.267868920427351
5.2540316000756855
5.241947614674431
5.235100769312315
5.236476739918132
5.248384502163968
5.272327524179248
5.3089324541853165
5.35793907055892
5.418251076434748
5.488043196813283
5.564916251192268
5.646088683138626
5.7286106432626935
5.809585301916398
5.886381705089701
5.956824202095271
6.019345214294766
6.073090758480645
6.117971503626001
6.154655993924444
6.184506749782273
6.209463982093143
6.2318853480309615
6.254353285630892
6.279463776203248
6.309611738934083
6.346788566648103
6.39240654282713
6.447163087781917
6.510955086238958
